1.3281 26 16 37.8689 165.4066
2.5391 22 15 22.8127 115.8004
2.8125 23 15 25.1905 136.8547
2.9297 22 15 26.4407 154.6837
2.9688 24 15 26.8079 143.1690
3.0078 25 15 27.1230 154.0671
3.1250 22 15 28.3348 128.9192
3.2813 24 15 30.0007 157.5261
3.4375 30 15 31.6281 153.9615
3.5938 24 15 33.1411 148.9789
3.6328 27 15 33.6831 156.6246
3.7109 26 15 34.4096 142.6914
3.9453 24 15 36.7805 163.9006
3.9844 27 15 37.1958 162.2166
4.0234 26 15 37.5782 114.9723
4.0625 24 15 37.9890 159.6952
4.1016 23 15 38.4121 164.2194
4.1406 24 15 38.7919 152.6145
4.2188 23 15 39.4878 149.7538
4.2578 22 15 40.3430 159.7460
4.2969 26 15 40.2597 159.7671
4.4141 26 15 41.4100 121.9520
4.4531 23 15 41.7120 150.2886
4.4922 27 15 42.0610 144.3494
4.6094 25 15 43.1887 147.2784
4.6875 25 15 43.7729 160.6895
4.7656 24 15 44.4334 155.6046
4.8047 22 15 44.7779 144.9402
4.8438 23 15 45.5115 163.2668
4.8828 22 15 45.4168 149.9250
4.9219 23 15 45.8441 125.7538
4.9609 23 15 46.0559 107.5083
5.0000 24 15 46.4293 146.7580
5.1172 37 15 47.2989 159.2779
5.1563 24 15 47.6471 154.9771
5.2344 23 15 48.2347 154.3987
5.3125 22 15 48.7018 144.6115
5.3516 22 15 49.4264 158.1508
5.3906 24 15 49.1896 149.2980
5.4297 23 15 50.0229 157.1539
5.4688 24 15 49.9433 160.3156
5.5078 25 15 50.0895 157.7544
5.5469 31 15 50.2154 161.8371
5.5859 24 15 50.6213 157.3212
5.6250 28 15 50.5909 139.2749
5.6641 35 15 50.9236 156.3551
5.7813 30 15 51.5736 157.0240
5.8203 31 15 51.7002 157.0654
5.8594 26 15 51.9995 150.0215
5.8984 25 15 52.3404 147.9461
5.9375 25 15 52.5503 144.2653
5.9766 39 15 52.5049 156.7405
6.0156 22 15 52.7912 149.0027
6.0547 28 15 52.9121 151.2293
6.1328 27 15 53.3039 156.5396
6.2109 25 15 53.4634 140.3630
6.2500 30 15 53.5749 150.7679
6.2891 34 15 53.7557 155.9769
6.3281 33 15 53.8509 158.6243
6.3672 28 15 53.9787 147.2513
6.4063 28 15 54.1276 139.4982
6.4453 30 15 54.1669 153.7962
6.4844 28 15 54.3342 149.0922
6.5234 32 15 54.4408 161.1373
6.5625 39 15 54.4552 158.0965
6.6016 30 15 54.5154 150.9829
6.6406 28 15 54.5370 146.0134
6.6797 27 15 54.6539 142.9866
6.7578 27 15 54.7163 157.7041
6.7969 27 15 54.7862 135.2284
6.8359 32 15 54.8053 160.4777
6.8750 24 15 54.7810 136.5307
6.9141 37 15 54.7768 157.1481
6.9531 32 15 54.8374 127.7662
6.9922 30 15 54.7942 148.2949
7.0703 34 15 54.7615 159.2058
7.1094 39 15 54.7355 150.0867
7.1484 32 15 54.6737 135.5293
7.2656 31 15 54.4885 139.5285
7.3047 26 15 54.3540 128.5787
7.3828 25 15 54.0000 152.6008
7.4609 37 15 53.9073 159.5480
7.5000 33 15 53.7160 154.9974
7.5391 31 15 53.6939 134.8369
7.5781 30 15 53.1395 159.1084
7.8125 36 15 52.3539 138.5929
7.8516 36 15 51.9791 152.1221
7.8906 29 15 51.4431 154.6219
7.9297 29 15 51.4496 138.9525
7.9688 31 15 51.2233 136.2186
8.0078 30 15 50.6949 155.1001
8.0469 31 15 50.5648 151.0891
8.0859 32 15 50.3782 158.5267
8.1250 31 15 50.4213 156.0839
8.2031 29 15 51.0352 146.5611
8.2422 25 15 52.1752 139.5865
8.3594 29 15 55.1823 148.9395
8.3984 26 15 56.3751 148.0901
8.4375 38 15 57.0520 156.6896
8.5938 28 14 60.5439 148.2924
8.6328 25 14 60.8251 139.4382
8.8281 34 14 67.3102 152.4973
8.8672 23 18 68.4044 143.3983
9.0625 29 15 72.2045 150.9186
9.1016 37 15 73.1536 157.9089
9.1406 31 15 73.7365 153.6627
9.2188 34 15 75.2979 157.1385
9.2578 30 15 76.0142 154.3749
9.2969 27 15 76.2278 151.6809
9.3359 39 15 75.7084 145.4206
9.4141 23 15 75.5157 147.4404
9.4922 22 15 69.5726 162.2438
9.5703 26 15 73.9732 139.0977
9.6094 23 15 72.2148 152.8546
10.1172 22 15 59.5187 151.1128
10.4297 24 14 69.2556 161.3019
10.4688 24 14 67.4125 147.5604
10.5078 23 14 72.4880 161.5651
10.5469 22 14 69.0003 157.6438
10.7422 23 14 68.9766 153.5167
10.7813 24 14 65.4459 151.8703
10.8203 23 14 55.9409 156.2793
10.8594 30 14 57.7790 142.6167
10.9375 22 14 66.7461 159.2095
10.9766 31 14 63.1335 147.5854
11.0547 29 15 69.8480 144.3581
11.0938 24 15 68.6850 154.1301
11.1328 22 15 70.6929 156.7760
11.1719 31 15 68.7554 152.3368
11.2109 27 15 48.8297 154.6917
11.2500 26 15 70.4099 152.2152
11.2891 23 15 57.1633 160.7113
11.3281 24 15 66.1674 154.6486
11.3672 23 15 48.4351 160.5168
11.4063 28 15 36.5993 159.4655
11.5625 22 15 58.0764 158.9778
11.6016 29 15 44.6124 154.5697
11.6406 24 15 57.8644 158.3567
11.6797 22 15 59.9526 158.3900
11.7188 37 15 37.6765 153.9239
11.7578 29 15 58.9637 148.4601
11.8359 27 15 62.9741 151.8548
11.8750 32 15 41.3475 153.4701
11.9531 22 15 60.9805 159.9681
11.9922 29 15 63.2163 158.6697
12.0313 24 15 65.0999 157.1837
12.0703 22 15 64.2079 157.5291
12.1094 36 15 65.1248 148.3744
12.1484 34 15 66.5774 151.7692
12.1875 22 18 66.3895 137.4621
12.2266 28 15 66.0810 149.5193
12.2656 32 15 36.2535 158.3229
12.3047 31 15 67.5697 155.6435
12.3438 28 15 47.7962 156.0205
12.4219 34 15 35.3023 155.6574
12.4609 30 15 68.6769 158.4686
12.5000 24 15 61.0958 157.1801
12.5391 31 15 67.2516 152.9982
12.5781 22 15 58.0137 159.8436
12.6172 32 14 66.1062 150.1129
12.6563 28 14 67.3371 158.5262
12.6953 31 15 33.4811 157.9268
12.7344 30 14 64.2916 157.8607
12.7734 26 14 60.6436 159.5450
12.8125 34 14 34.5965 158.6738
12.8516 29 14 62.4871 156.3524
12.8906 29 14 52.6274 158.0530
12.9297 28 14 62.4822 155.3844
13.0078 26 14 52.5209 158.8306
13.0469 29 15 56.5921 153.9648
13.0859 29 15 57.8273 160.0918
13.1250 33 15 37.0084 157.2254
13.1641 34 15 56.8583 150.4376
13.2031 32 15 60.9412 156.2540
13.2422 25 15 63.3111 160.5805
13.2813 29 15 42.7822 159.4621
13.3203 23 15 54.0892 159.9345
13.3594 29 15 57.3584 156.2925
13.3984 36 15 32.1582 160.5940
13.4766 32 15 60.4223 155.8253
13.5156 27 15 56.0922 157.1991
13.5547 33 15 53.9494 157.9512
13.5938 33 15 41.7663 156.3752
13.6328 25 15 56.9162 158.8795
13.6719 30 15 47.5337 158.4676
13.7109 35 15 63.1147 153.5475
13.7500 31 15 61.3536 156.5196
13.7891 30 15 61.3689 159.6699
13.8281 29 15 61.2651 157.4478
13.8672 23 15 54.3351 160.1706
13.9063 32 15 37.2878 158.1567
13.9453 30 15 63.0971 156.8847
13.9844 35 15 63.0154 154.4159
14.0234 25 15 48.9367 160.2496
14.0625 28 15 62.3631 160.2145
14.1016 27 15 56.4394 159.3126
14.1406 33 15 36.0900 157.5379
14.1797 31 15 63.4660 154.3454
14.2188 36 15 62.7028 150.4250
14.2578 30 15 35.5650 159.6892
14.2969 31 15 63.3512 156.7014
14.3359 30 15 62.0823 157.5816
14.4531 34 15 31.1923 158.5869
14.4922 27 15 49.8209 159.5396
14.5703 32 15 62.0599 158.3239
14.6094 28 15 37.6876 159.4639
14.6484 31 15 46.2810 155.1311
14.7266 33 15 63.2265 152.7371
14.7656 27 15 54.9119 158.6521
14.8047 25 15 55.3853 159.1635
14.8438 30 15 56.7144 155.1682
14.9219 33 15 54.7777 157.9078
14.9609 28 15 53.6355 159.1687
15.0000 28 15 57.8405 158.4669
15.0391 33 15 47.1292 155.3223
15.0781 34 15 58.1619 156.9162
15.1172 36 15 56.3458 152.5686
15.1563 31 15 58.2270 156.4014
15.1953 34 15 57.2695 151.7772
15.2734 30 15 49.8764 157.7934
15.3516 29 15 56.2763 155.3132
15.3906 30 15 57.6801 157.1095
15.4297 31 15 53.1633 157.5270
15.5078 33 15 39.8649 158.7024
15.5469 31 15 53.1560 156.3555
15.6250 30 15 50.9014 157.2980
15.6641 29 15 54.9251 157.7167
15.7031 30 15 52.1115 157.0983
15.7422 30 15 32.6345 158.9439
15.7813 35 15 52.2429 153.9466
15.8203 33 15 39.7159 157.9307
15.8594 31 15 58.1605 156.7382
15.8984 29 15 50.4536 156.9823
15.9375 39 15 30.5698 157.8613
15.9766 29 15 51.4309 157.7747
16.0156 28 15 59.7328 158.5317
16.0547 38 15 30.4259 157.7942
16.0938 28 15 51.6115 158.2626
16.1328 34 15 43.6060 156.8611
16.2109 29 15 57.1029 158.1325
16.3281 31 15 52.6728 156.5760
16.3672 35 15 28.1182 158.4011
16.4063 27 15 55.0946 158.1938
16.4453 38 15 29.4734 157.0131
16.4844 34 15 57.9866 157.0449
16.5234 34 15 42.8977 156.2270
16.6406 37 15 57.4370 153.7509
16.6797 30 15 54.1257 159.3671
16.7188 35 15 49.2505 156.8304
16.7578 32 15 56.2690 159.1313
16.7969 36 15 35.3721 159.0031
16.8359 29 15 49.9905 159.6315
16.8750 31 15 54.4410 159.1391
16.9141 33 15 55.4863 157.8786
16.9922 34 15 31.0861 159.5324
17.0313 34 15 53.6930 154.8297
17.0703 36 15 42.0981 156.3098
17.1094 31 15 50.5946 159.1489
17.1484 33 15 54.5789 157.9980
17.1875 32 15 57.3029 158.9985
17.2266 37 15 43.1081 158.5997
17.3438 32 15 50.3942 159.1022
17.4219 35 15 34.3713 159.1880
17.4609 32 15 52.0096 157.4561
17.5000 33 15 56.3244 158.7641
17.5391 33 15 56.8288 158.3181
17.6172 34 15 50.6855 157.2082
17.6563 38 15 28.7214 158.9902
17.6953 36 15 46.1001 158.0480
17.7344 36 15 48.5335 156.6201
17.7734 37 15 33.3425 158.7078
17.8906 34 15 55.0130 157.4026
18.0078 38 15 30.8985 158.1317
18.0469 39 15 28.0639 158.6339
18.0859 36 15 42.7270 158.1298
18.1250 33 15 47.6580 158.1418
18.1641 36 15 52.9510 158.3055
18.2031 35 15 42.0429 157.7814
18.2422 36 15 47.8558 158.1494
18.2813 34 15 53.1020 158.2806
18.3203 36 15 42.7093 157.6399
18.3594 35 15 52.2934 156.8081
18.4766 31 15 43.7655 158.3724
18.5156 34 15 46.4007 158.2580
18.5547 34 15 51.0056 157.5998
18.6328 38 15 35.5517 158.0013
18.6719 32 15 50.6731 158.2870
18.7109 31 15 50.9940 158.3119
18.7500 32 15 53.6822 158.2609
18.7891 36 15 48.0891 157.1344
18.8281 36 15 46.7262 157.5142
18.9453 37 15 38.4301 157.6042
19.0625 35 15 46.8864 157.6617
19.1016 35 15 48.2834 156.6574
19.1797 34 15 52.7771 157.6609
19.2188 33 15 45.9552 156.2957
19.3359 36 15 40.2206 157.6052
19.3750 35 15 47.5722 156.8526
19.4141 35 15 50.3140 156.3230
19.4531 36 15 42.4821 157.3356
19.4922 39 15 35.5948 156.8467
19.5313 32 15 47.6989 157.5092
19.5703 34 15 45.7637 157.4451
19.6484 36 15 50.8361 157.0229
19.6875 36 15 52.0248 157.2050
19.7656 38 15 38.6643 157.1565
19.8438 33 15 51.5714 156.9355
19.9219 38 15 40.5722 156.7172
19.9609 39 15 36.1574 159.1226
