0.0391 9 16 97.8447 132.0624
0.0781 9 16 90.4946 144.5437
0.1172 9 14 92.4862 138.7670
0.1563 10 16 94.3752 161.0492
0.1953 11 15 70.3911 93.0510
0.2344 11 16 93.5106 131.2020
0.2734 12 16 83.7340 164.1333
0.3125 12 16 93.2302 125.0053
0.3516 9 16 41.4934 50.8138
0.3906 12 16 84.8380 109.9003
0.4297 11 16 92.2810 144.5595
0.4688 10 16 81.1215 99.9265
0.5078 12 15 55.3593 107.8116
0.5469 14 16 54.6904 141.5135
0.5859 17 16 74.3627 155.0898
0.6250 11 16 85.4486 120.8754
0.6641 13 16 62.1134 141.7938
0.7031 12 16 62.5280 145.2365
0.7422 15 16 74.3136 166.1804
0.7813 12 16 81.1449 110.9092
0.8203 15 16 55.5863 128.3648
0.8594 13 16 54.9757 147.0629
0.8984 13 15 51.1527 147.3006
0.9375 14 15 48.0330 118.6523
0.9766 13 16 65.0823 146.7368
1.0156 14 15 48.0031 138.8867
1.0547 15 16 79.2809 157.6210
1.0938 11 16 20.1757 42.4099
1.1328 12 15 69.7906 138.2610
1.1719 13 16 57.8267 161.6418
1.2109 13 16 73.6878 138.1478
1.2500 14 16 75.4101 156.9222
1.2891 13 16 67.8457 160.0445
1.3672 14 16 54.7673 153.0527
1.4063 13 16 56.2968 160.7731
1.4453 12 16 61.2119 134.7855
1.4844 13 16 56.9060 114.5767
1.5234 13 16 48.5840 99.3823
1.5625 13 16 70.8235 130.6086
1.6016 11 16 51.2828 83.0932
1.6406 11 15 66.5848 128.6609
1.6797 13 15 50.5077 141.1776
1.7188 13 16 46.1332 78.9393
1.7578 11 16 67.2219 112.2590
1.7969 11 15 47.6974 84.2917
1.8359 13 15 51.9536 108.0342
1.8750 11 16 65.4497 113.7200
1.9141 12 16 63.4032 155.8014
1.9531 12 16 46.5019 87.1759
1.9922 17 16 63.5055 154.6638
2.0313 13 15 55.3016 127.9608
2.0703 15 15 53.2793 128.1493
2.1094 12 16 51.4804 93.5162
2.1484 15 16 59.1238 151.5064
2.1875 14 16 59.8608 154.0391
2.2266 12 15 56.1910 131.0033
2.2656 18 15 29.4519 111.8128
2.3047 18 15 36.5216 120.1343
2.3438 18 15 47.9248 164.2517
2.3828 17 15 32.7564 108.6398
2.4219 13 15 51.5369 134.7808
2.4609 19 15 42.6862 164.0034
2.5000 21 15 33.9448 139.8953
2.5781 14 15 38.8473 87.2712
2.6172 20 15 33.8903 144.9968
2.6563 17 15 46.2578 141.3223
2.6953 19 15 31.1670 132.2547
2.7344 21 15 27.0581 146.7418
2.7734 13 15 49.8236 128.6172
2.8516 15 15 45.5568 143.9873
2.8906 17 15 39.3579 114.5325
3.0469 15 15 44.8204 146.8096
3.0859 21 15 35.2668 159.0629
3.1641 17 15 44.2292 149.5971
3.2031 17 15 38.0455 99.1796
3.2422 17 15 39.8864 160.9370
3.3203 20 15 30.4099 142.3308
3.3594 21 15 37.9652 159.8428
3.3984 20 15 35.0929 142.5396
3.4766 17 15 40.3166 121.1233
3.5156 15 15 34.6482 97.1381
3.5547 17 15 36.3655 128.1502
3.6719 20 15 34.1310 118.8162
3.7500 19 15 34.9143 141.1062
3.7891 21 15 35.5537 161.5141
3.8281 21 15 35.5745 147.8098
3.8672 19 15 36.0410 141.7377
3.9063 18 15 37.0046 123.0178
4.1797 20 15 39.1113 97.4274
4.3359 21 15 40.9526 148.5628
4.3750 18 15 88.0352 164.4260
4.5313 21 15 42.4804 143.1755
4.5703 21 15 42.9019 151.2231
4.6484 21 15 43.3969 137.3231
4.7266 20 15 44.1740 136.3782
5.0391 21 15 46.8120 136.6839
5.0781 20 15 47.4631 153.7052
5.1953 21 15 47.8395 136.5770
5.7031 21 15 51.2225 141.8899
5.7422 16 18 51.4818 147.2931
6.0938 13 18 53.0510 134.5514
6.1719 20 15 46.3564 163.7958
6.7188 15 18 54.7116 142.1427
7.0313 12 18 54.6989 123.8545
7.1875 20 18 54.4721 146.9202
7.3438 11 18 54.0630 115.8506
7.4219 13 18 53.7942 129.4847
7.6563 40 15 53.1868 153.1723
7.6953 40 15 52.8967 160.1884
7.7344 12 18 52.3835 122.1656
7.7734 19 15 46.7428 150.7943
8.1641 16 15 62.6566 162.0289
8.2813 16 18 53.3674 137.9381
8.3203 17 14 44.1658 156.0044
8.4766 21 18 59.0519 143.8338
8.5156 18 18 58.9241 139.5447
8.5547 21 14 44.8602 161.3921
8.6719 19 14 44.5922 157.7982
8.7109 19 18 63.8784 141.4267
8.7500 17 14 48.3356 156.5676
8.7891 20 14 42.7474 157.4234
8.9063 19 18 68.3672 139.3878
8.9453 19 15 40.2480 153.9366
8.9844 16 15 69.1698 160.8076
9.0234 17 15 57.8093 159.5386
9.1797 18 15 74.9408 160.8379
9.3750 19 15 71.9102 158.5749
9.4531 20 15 74.5126 162.0470
9.5313 21 15 57.3541 152.9228
9.6484 21 15 47.5107 160.0158
9.6875 18 15 66.1983 161.8678
9.7266 18 15 73.6391 159.1731
9.7656 20 15 65.8296 154.3110
9.8047 21 15 60.8267 155.1817
9.8438 20 15 49.4639 159.8847
9.8828 21 15 59.8495 153.3364
9.9219 19 15 60.3414 154.4361
9.9609 19 15 64.4855 153.0974
10.0000 19 15 63.0527 156.0947
10.0391 18 15 66.9461 156.7470
10.0781 21 15 43.4562 160.4752
10.1563 17 15 63.3952 155.6263
10.1953 21 15 74.3071 145.7268
10.2344 20 15 64.6981 160.2559
10.2734 19 15 57.7508 158.3535
10.3125 19 15 58.5950 153.0258
10.3516 20 14 67.2141 151.8296
10.3906 18 14 69.4444 158.2324
10.5859 20 14 55.4480 159.9586
10.6250 8 18 64.7176 136.5736
10.6641 20 14 51.3177 158.3813
10.7031 21 14 65.8714 156.0215
10.8984 20 14 64.2561 159.3476
11.0156 20 14 69.8895 160.4162
11.4453 20 15 67.8996 158.2043
11.4844 19 15 62.2476 159.4043
11.5234 21 15 57.6405 159.3018
11.7969 21 15 59.9686 160.2680
11.9141 20 17 56.7494 128.6006
12.3828 16 18 68.1353 144.2157
12.9688 16 18 62.1998 143.8829
13.4375 17 18 58.8738 144.2618
14.3750 20 18 63.7568 139.8818
14.4141 14 18 64.1708 144.5792
14.5313 17 18 63.9166 143.2520
14.6875 16 18 62.8509 144.1490
14.8828 19 18 57.8578 141.0694
15.2344 14 19 51.7417 144.3811
15.3125 18 19 57.9422 141.4232
15.4688 19 19 56.9378 138.7894
15.5859 17 19 54.7587 142.6230
16.1719 20 18 59.4092 139.8369
16.2891 20 18 54.1479 137.6350
16.5625 16 18 54.9724 143.0576
16.6016 18 18 58.9471 142.2725
17.2656 19 18 56.2064 140.6717
17.3047 19 18 50.7066 142.2165
17.3828 40 15 28.5092 158.3600
17.5781 3 49 0.0476 0.0476
17.8125 19 17 51.5256 141.2299
17.8516 40 15 28.0236 159.0303
17.9297 15 17 54.4982 142.3242
17.9688 40 15 26.3708 158.7907
18.3984 18 17 50.8826 141.3037
18.4375 18 17 54.1423 141.7571
18.5938 17 17 54.2032 141.7463
18.9063 19 17 49.7251 140.2068
18.9844 40 15 25.0855 156.0766
19.2578 19 17 53.0650 140.3614
19.2969 18 17 52.4995 140.8608
19.6094 7 49 0.1023 -0.1786
19.8047 18 17 51.9076 140.6029
19.8828 6 49 0.0640 -0.0678
