11.#QNB,1.#QNB,1.#QNB,1.#QNB,1.#QNB,1.#QNB,1.#QNB,1.#QNB,1.#QNB,1.#QNB,1.#QNB,1.#QNB,1.#QNB,1.#QNB,1.#QNB,1.#QNB,1.#QNB,1.#QNB,1.#QNB,1.#QNB,1.#QNB,1.#QNB,1.#QNB,1.#QNB,1.#QNB,1.#QNB,1.#QNB,1.#QNB,1.#QNB,1.#QNB,1.#QNB,1.#QNB,1.#QNB,1.#QNB,1.#QNB,1.#QNB,1.#QNB,1.#QNB,1.#QNB,1.#QNB,1.#QNB,1.#QNB,1.#QNB,1.#QNB,1.#QNB,1.#QNB,1.#QNB,1.#QNB,1.#QNB,1.#QNB,1.#QNB,1.#QNB,1.#QNB,1.#QNB,1.#QNB,1.#QNB,1.#QNB,1.#QNB,1.#QNB,1.#QNB,1.#QNB,1.#QNB,1.#QNB,1.#QNB,1.#QNB,1.#QNB,1.#QNB,1.#QNB,1.#QNB,1.#QNB,1.#QNB,1.#QNB,1.#QNB,1.#QNB,1.#QNB,1.#QNB,1.#QNB,1.#QNB,
248.4043,90.4105,15.7339,3.3848,0.8401,0.2610,0.1013,0.0756,
371.2683,68.4060,8.7198,2.1012,0.6571,0.2487,0.1026,0.1712,
440.5305,6.5078,4.9913,1.4788,0.2486,0.3186,
535.1291,94.7481,22.6644,6.1974,2.3550,0.4883,0.0954,0.4983,
655.5207,50.4000,18.3553,16.4096,5.4975,2.1207,0.8906,0.3739,0.1558,0.7792,0.0602,0.0244,
724.3313,4.7473,1.6101,0.3684,1.0808,0.0762,0.0228,
839.4409,92.2512,16.7002,5.3727,3.5296,1.1527,0.2738,1.3740,0.0916,0.0274,
980.7114,51.7812,6.3759,4.1253,1.6861,0.4560,1.7674,0.1376,0.0381,
1068.1019,64.7092,9.3843,2.1168,0.7048,0.2554,2.1135,0.1690,0.0573,
1184.2282,9.4067,2.6419,4.0886,3.5778,1.6485,0.5191,2.5595,0.2272,0.0598,
1257.6908,41.5200,18.3568,14.0661,4.5561,1.5985,0.5922,0.2237,2.9064,0.2445,0.0800,
1381.2165,36.0646,5.8060,1.5873,0.5317,0.1934,3.3223,0.2930,0.0897,
1459.3258,26.2967,18.5409,8.7107,2.6877,0.9316,0.3320,3.8164,0.3628,0.0614,0.0698,
152.1763,15.0469,72.1425,57.6324,3.9565,2.6687,3.2240,2.4890,1.2534,0.4984,4.3245,0.4939,0.1254,
1683.5879,10.6512,0.2113,2.0856,1.2653,4.2049,6.4408,3.0511,0.5740,0.1489,
1768.9322,61.8850,7.7775,2.0016,0.7912,0.3211,5.2106,0.6289,0.0873,0.0954,
1886.8015,17.4004,0.3545,2.5287,1.1097,3.7729,6.4184,3.5013,0.7246,0.1924,
1986.7218,18.8747,2.9427,2.0704,1.2622,0.6364,6.3012,0.9783,0.1395,0.1222,
2064.9814,32.5624,11.0492,2.9188,0.8275,0.2351,6.6208,0.8301,0.1286,0.1364,
2173.7613,29.5984,6.0151,1.4262,0.4256,7.1726,1.0228,0.1597,0.1524,
2239.1938,60.7884,30.7703,10.7836,2.8246,0.7478,0.1892,7.5791,1.0477,0.1646,0.1648,
2359.0970,40.9478,15.8095,4.4370,1.1391,0.2767,0.0565,8.0201,1.1805,0.1848,0.1786,
2432.7669,6.2203,3.6229,8.5790,14.8951,8.9013,2.6345,0.6595,0.1319,8.5284,1.2766,0.2066,0.1963,
2569.1225,7.0183,0.2286,4.5672,1.5047,4.3149,6.0506,2.8534,0.5810,0.2608,
2640.0957,79.1802,20.3884,2.3645,1.1442,0.7446,0.4701,9.5304,2.1583,0.3832,0.2471,
2770.7145,50.1933,3.1385,0.4264,0.5009,0.7115,0.9434,1.1183,1.1548,1.0286,0.7991,0.5578,9.9713,2.5372,0.4795,0.2767,
2839.8526,12.9025,4.5677,6.5178,12.9829,12.1124,4.3605,1.0514,0.1593,0.0367,10.3507,1.8829,0.3319,0.2710,
2971.4773,8.9974,0.3717,6.1402,2.5070,5.4614,4.9890,1.6283,0.2963,0.2748,
3055.9785,10.9456,1.5339,0.2750,11.3089,2.3441,0.4475,0.3219,
3114.5993,49.4109,63.0511,17.3649,2.4313,0.4177,11.7745,2.5261,0.4990,0.0946,0.2756,
3227.9824,3.3766,0.5560,12.1316,2.9677,0.6290,0.1172,0.2952,
3374.8391,21.7452,2.0158,0.6530,0.4307,12.0543,4.1728,1.1051,0.2036,0.3252,
3454.1404,32.3306,11.5952,2.8193,0.4667,0.0565,0.1397,12.8821,2.9848,0.6438,0.1222,0.3283,
3548.8580,38.5321,19.2402,7.6276,1.8354,0.2302,0.1181,13.3738,2.9997,0.6538,0.1266,0.3465,
3652.1247,53.4516,15.5731,2.5296,0.3241,0.0705,13.6958,3.3493,0.7784,0.1510,0.3681,
3749.5985,4.0861,0.3967,9.8329,4.3783,5.5886,2.8136,0.6632,0.4768,
3837.1057,72.8586,21.2851,1.0752,8.9356,0.4285,0.8022,2.5748,5.2759,4.6125,1.5755,0.3204,0.4318,
3923.2520,54.3528,46.6613,12.1723,1.9165,0.1756,0.1266,14.7693,3.9257,1.0355,0.2083,0.4328,
4072.3183,32.7905,3.6028,0.3680,14.8696,4.5665,1.3942,0.2886,0.4666,
4166.1957,42.5332,3.8418,0.3065,10.9437,3.3341,5.4303,3.9933,1.2292,0.2517,0.4756,
4231.4270,17.3606,7.1334,1.7034,0.1353,0.2035,0.2390,15.7722,4.4306,1.3294,0.2810,0.5039,
4310.5826,36.2897,63.9685,25.7406,3.0417,0.3029,15.7904,5.0188,1.7734,0.3937,0.5456,
441.1285,4.5648,16.1938,35.7156,35.9819,20.3670,15.2170,9.6722,3.1132,0.5141,0.1412,0.2540,16.5639,4.6061,1.4581,0.3191,0.5514,
4563.4434,43.0678,4.9590,0.4444,13.6869,5.0855,4.8663,2.0318,0.4755,0.6005,
4653.4846,31.5610,7.7845,1.2715,0.0065,0.2181,17.1771,4.9280,1.7244,0.3955,0.6079,
4767.0703,13.7733,0.8713,12.8095,1.4456,2.9304,5.1587,4.0050,1.3502,0.3010,0.6062,
4856.2313,23.1279,4.5707,0.5790,0.1021,0.2044,17.4407,5.3826,2.2664,0.5659,0.6858,
4950.9878,40.8690,11.6520,1.9308,0.1192,0.1995,0.2316,17.7580,5.4505,2.3915,0.6146,0.7183,
5015.6418,39.8007,50.3083,22.2636,4.5377,0.5995,0.1173,0.2294,18.2260,5.4523,2.4012,0.6254,0.7432,
5158.1451,13.3720,1.1000,15.4246,3.6956,5.0965,3.6574,1.2074,0.2798,0.6876,
5254.9398,44.9726,8.1503,0.7799,18.0236,5.6693,3.5747,1.1661,0.2740,0.7093,
5313.2129,30.6757,43.5242,30.1017,12.0544,3.1156,0.4626,0.1436,0.2472,0.2360,18.8923,5.6539,3.0396,0.9067,0.2138,0.7181,
5453.6012,39.3734,7.7802,0.8605,0.0308,19.1179,5.6731,3.2954,1.0434,0.2497,0.7485,
5537.7504,26.9586,15.8938,6.8270,1.7756,0.1827,0.1935,0.2480,0.2269,19.4406,5.6627,3.3823,1.1037,0.2678,0.7753,
5617.8317,45.6080,48.5118,13.7853,1.7584,0.0949,0.1378,19.5072,5.5960,3.7512,1.3452,0.3352,0.8135,
5731.7836,49.0217,29.3875,7.0755,1.0935,0.0036,0.1911,0.2001,19.9599,5.5958,3.7428,1.3584,0.3428,0.8386,
5858.5625,19.2463,1.9041,17.4934,1.0364,0.7312,2.0575,4.2115,4.5498,2.2208,0.6233,0.9275,
5930.1318,20.9493,8.6295,3.9509,3.7478,6.2724,10.4751,11.0366,5.8186,1.6939,0.2160,0.1613,0.2230,0.2064,0.1754,20.2744,5.3389,4.2373,1.8278,0.4941,0.9215,
6058.5164,31.1901,4.5777,0.4510,20.0762,4.7284,4.7023,2.6344,0.8065,1.0228,
6130.9094,31.3679,22.4390,15.7051,8.7764,2.9488,0.5908,0.0605,0.1965,0.1989,0.1721,21.0435,5.2529,4.3200,1.9946,0.5630,0.9871,
6228.4537,28.2596,18.7573,14.3143,12.4789,6.8879,2.1929,0.3897,0.0984,0.1937,0.1875,0.1602,21.2990,5.1099,4.4373,2.2078,0.6486,1.0332,
6338.2699,53.9035,18.6438,2.2145,20.6153,3.2582,4.2123,4.2818,2.0618,0.6004,1.0453,
6418.4120,36.4741,39.6003,19.8391,5.4436,1.0502,0.0545,0.1445,0.1626,0.1424,21.9434,4.8920,4.5348,2.5367,0.8020,1.1238,
6524.0482,49.1484,36.4423,7.9090,1.0047,0.0543,0.0795,21.9800,4.4387,4.6083,3.0969,1.0980,0.2964,1.0183,
6621.5797,48.1387,39.3376,8.8268,1.0991,0.0875,22.3153,4.2703,4.5581,3.3202,1.2520,0.3452,1.0555,
6755.6181,12.6670,1.5370,21.8035,2.1968,2.3775,4.2112,4.0030,1.8655,0.5538,1.1346,
6840.4842,40.1670,14.9216,2.8790,0.4085,0.0399,0.1089,0.1033,23.2357,4.3670,4.4881,3.2756,1.2561,0.3540,1.1079,
6941.4099,38.7414,13.3688,2.4954,0.3451,0.0427,0.1004,0.0938,23.5483,4.2044,4.4063,3.4828,1.4252,0.4119,1.1486,
7041.1043,30.7804,12.2552,3.0585,0.5719,0.0091,0.1008,0.1058,0.0896,23.9148,4.1120,4.3208,3.6093,1.5527,0.4594,1.1869,
7133.6634,48.6964,21.5636,3.5639,0.4708,0.0270,24.0399,3.6167,3.9455,4.0716,2.1168,0.6801,1.2733,
7246.4704,12.7322,1.6808,23.7483,1.6656,0.2616,0.7141,1.8551,3.6455,4.2043,2.4408,0.8346,1.3439,
7352.3896,30.2934,5.8472,0.7922,24.6868,3.0498,3.0914,4.2841,3.0960,1.2191,0.3605,1.2373,
7437.2004,9.2487,1.3368,0.1784,25.1842,3.3471,3.3911,4.2219,2.7190,1.0013,0.2948,1.2449,
7535.7328,46.2681,18.4121,3.0111,0.4335,25.5779,3.2275,3.1151,4.2134,3.0063,1.1905,0.3584,1.2888,
7613.5471,21.3794,19.6957,10.7403,4.4448,1.7749,25.5235,10.6735,2.2117,0.6346,0.7854,0.1655,0.2668,
7712.6983,27.5822,38.3667,25.8571,8.4587,1.9252,0.3668,0.0219,0.0454,0.0496,26.7396,3.8954,3.6726,3.9696,2.2581,0.7929,1.4684,0.1785,0.5357,
7831.7021,38.7402,20.7351,5.5055,1.1271,0.1873,0.0080,0.0407,0.0389,26.9483,3.5672,3.2199,4.0970,2.7886,1.0936,0.3368,1.3615,
796.9065,18.1614,37.0813,37.7886,14.4929,2.9519,0.5215,0.0640,0.0195,27.5380,3.8487,3.4267,4.0056,2.5048,0.9395,0.2896,1.3742,
8011.5840,19.5326,21.7823,16.6270,12.9912,12.5997,10.3215,5.4150,1.9486,0.5514,0.1096,0.0115,0.0366,0.0356,27.9282,3.8266,3.2924,4.0063,2.6353,1.0258,0.3207,1.4098,
8140.7490,38.4617,11.7044,1.9341,28.0925,2.8788,1.4861,2.9886,3.9972,2.9137,1.2202,0.3906,1.4572,
8232.8161,29.8904,17.6602,6.6245,1.8996,0.4756,0.0912,0.0050,0.0240,0.0232,28.5986,3.6050,2.7491,3.9316,3.1746,1.4413,0.4763,1.5099,
8343.6724,19.9533,3.9062,0.6596,28.7784,3.0147,1.4749,2.9341,3.9266,2.9050,1.2455,0.4074,1.5162,
8425.4572,40.0390,27.4040,7.7815,1.5424,0.2939,0.0453,29.6298,3.9666,2.9552,3.8947,2.8914,1.2514,0.4137,1.5453,
8526.1923,25.5994,19.1072,10.3227,3.9708,1.2370,0.3436,0.0799,0.0074,0.0099,30.0429,4.0163,2.8837,3.8569,2.9365,1.3023,0.4367,1.5797,
8633.7860,40.8896,17.7346,3.5606,0.6365,30.0398,3.1763,1.1865,2.4708,3.7319,3.2760,1.6301,0.5731,1.6497,0.1956,0.6427,
878.3979,15.3142,19.2225,15.9618,11.2773,10.2748,11.3212,9.9318,5.6567,2.2664,0.7548,0.2271,0.0602,0.0103,0.0031,30.7812,3.9663,2.5084,3.7050,3.2464,1.6241,0.5763,1.6787,0.2008,0.6558,
8818.0808,16.3184,10.2223,6.2133,5.7662,7.8893,10.2970,9.3367,5.3342,2.1545,0.7303,0.2272,0.0649,0.0151,0.0006,31.1767,3.9909,2.3766,3.6186,3.3298,1.7464,0.6364,1.7260,0.2134,0.6708,
8933.9545,26.5203,10.4904,2.8159,0.7019,0.1753,0.0426,0.0089,31.5611,4.0026,2.2161,3.5028,3.4245,1.9063,0.7187,1.7813,0.2293,0.6867,
9011.4844,20.6988,27.4827,24.6385,14.2547,5.5946,1.7742,0.5290,0.1568,0.0466,0.0137,32.0680,4.2106,2.3623,3.5573,3.2774,1.7427,0.6475,1.7860,0.2250,0.6977,
9141.8454,21.6189,5.1961,1.0055,32.2290,3.6057,0.9031,1.9251,3.2761,3.5176,2.1642,0.8707,1.8905,0.2613,0.7189,
9231.4572,10.0292,2.0268,32.8492,3.7635,0.8739,1.8581,3.1987,3.5186,2.2312,0.9189,0.3183,1.7342,
9339.1256,21.6658,5.3348,1.0536,32.9161,3.5157,0.1163,0.2025,0.5182,1.2405,2.4921,3.5424,3.0141,1.5276,0.5671,1.8440,0.2295,0.7351,
947.5444,13.1268,16.3571,13.4254,7.8395,4.0779,2.6450,2.9238,4.7280,7.7345,9.9455,8.5297,4.7686,1.9906,0.7332,0.2653,0.1005,0.0415,0.0190,33.5737,4.3101,1.7304,2.9973,3.5215,2.4219,1.0609,0.3777,1.8092,0.2072,0.7416,
9512.7369,15.9903,13.9220,8.4776,4.3694,2.5408,2.3630,3.5708,6.1523,9.1351,9.6662,6.6200,3.1412,1.2232,0.4492,0.1693,0.0687,0.0310,34.0843,4.5506,1.9291,3.1531,3.4103,2.1680,0.9109,0.3236,1.8190,0.2039,0.7529,
9619.8438,21.5609,18.9950,13.2884,6.7755,2.6649,0.9411,0.3326,0.1259,0.0530,0.0251,34.3782,4.4786,1.5785,2.7983,3.4853,2.5868,1.2062,0.4431,1.8869,0.2267,0.7713,
977.1096,17.6634,33.2247,31.9740,12.8463,3.0448,0.6739,34.8089,4.4484,1.1822,2.2775,3.3557,3.0713,1.6932,0.6685,1.9927,0.2664,0.7941,
9832.0000,34.6742,15.6764,3.7866,35.5612,4.2955,0.8067,
9911.7719,24.6882,33.7563,22.1159,7.2109,1.7882,0.4489,0.1226,35.5889,4.7668,1.3632,2.4878,3.3706,2.8112,1.4535,0.5649,2.0136,0.2615,0.8178,
10010.9199,24.6705,35.3937,22.6656,6.7942,1.5452,36.0813,4.6592,0.6358,1.3128,2.4782,3.3405,2.7818,1.4447,0.5660,2.0425,0.2673,0.8320,
10120.5911,22.5741,18.5718,10.8721,4.6705,1.7103,0.6139,0.2342,0.0994,0.0475,36.4248,5.0707,1.4235,2.5252,3.3192,2.7023,1.3872,0.5442,2.0634,0.2694,0.8451,
10213.4635,3.3236,37.1639,4.8986,0.2071,0.3659,0.8571,1.7947,2.9429,3.2165,2.1509,0.9702,0.3669,2.0294,0.2453,0.8513,
10318.7770,28.5829,26.3447,12.7755,4.0464,1.1597,0.3506,0.1193,37.2938,5.4093,1.4990,2.5747,3.2635,2.5773,1.3077,0.5169,2.1107,0.2762,0.8724,
10411.4740,17.5168,21.0690,19.8416,13.9963,7.1347,2.8794,1.0721,0.4092,0.1699,0.0786,37.6994,5.5660,1.5170,2.5757,3.2327,2.5392,1.2903,0.5134,2.1380,0.2813,0.8866,
10529.5405,31.6925,15.8909,4.4534,1.0765,37.9083,5.2063,0.3070,0.5767,1.2655,2.3487,3.1735,2.7295,1.4953,0.6172,2.2045,0.3056,0.9061,
10632.0306,28.3277,11.9191,3.1663,38.8160,5.6107,0.4334,0.8361,1.7146,2.8004,3.1199,2.1754,1.0298,0.4047,2.1556,0.2733,0.9100,
1074.8802,10.3968,21.5995,30.8571,22.8694,8.6666,2.3869,0.6409,38.8937,5.8984,1.1744,2.1017,3.0329,2.8730,1.7261,0.7536,2.3142,0.3438,0.9426,
10830.3357,19.2111,7.4053,2.2380,0.6718,0.2186,39.2486,6.0992,1.3220,2.2769,3.0751,2.6953,1.5239,0.6489,2.3032,0.3305,0.9520,
10926.4434,31.1007,18.5822,5.9827,1.5495,39.5801,5.8918,0.3058,0.5374,1.1629,2.1641,3.0141,2.7534,1.6199,0.7072,2.3547,0.3484,0.9700,
11030.7033,16.1058,5.0594,1.3456,40.0202,6.1851,0.6166,1.1579,2.1404,2.9810,2.7391,1.6280,0.7183,2.3882,0.3575,0.9858,
11127.3492,29.0662,14.9855,4.5553,1.1920,40.1881,6.0932,1.0150,
11220.9481,10.1578,3.7168,1.2545,0.4407,0.1703,40.7296,6.7063,1.2028,2.0583,2.8991,2.7394,1.6859,0.7656,2.4654,0.3814,1.0190,
1135.1621,9.8236,18.4819,26.0520,22.3799,10.9722,3.7880,1.2017,0.3973,0.1444,40.9666,6.7097,0.8927,1.5966,2.5723,2.9389,2.1840,1.1190,0.4699,2.3790,0.3270,1.0166,
11427.9211,19.4678,9.1718,3.2561,1.0896,0.3824,0.1477,41.3676,6.9267,0.9607,1.6869,2.6297,2.8818,2.0618,1.0348,0.4338,2.3938,0.3257,1.0294,
11514.5795,21.5037,22.7638,15.3212,6.8774,2.5251,0.9026,0.3413,0.1417,41.7492,7.1282,0.9939,1.7213,2.6378,2.8380,2.0035,1.0019,0.4216,2.4176,0.3293,1.0438,
11617.0255,24.5035,22.5604,12.1197,4.4873,1.4807,0.5001,0.1824,42.0671,7.2482,0.8618,1.5048,2.4406,2.8661,2.2271,1.1952,0.5193,2.4839,0.3565,1.0651,
1173.6179,8.1046,16.8047,26.3058,24.2625,11.9344,3.9162,1.1533,42.5620,7.4321,0.5904,1.0243,1.8799,2.7054,2.6932,1.7814,0.8642,2.6538,0.4418,1.1037,
11829.2160,23.2042,11.8174,4.1015,1.2773,0.4045,42.7682,7.5727,0.6902,1.1921,2.0815,2.7730,2.5169,1.5410,0.7194,2.6221,0.4155,1.1094,
11924.9203,20.3662,11.3463,4.5437,1.6223,0.5869,0.2270,43.1894,7.8863,0.9478,1.5929,2.4688,2.7605,2.0672,1.0967,0.4815,2.5550,0.3680,1.1087,
1202.7976,4.8557,7.6481,9.7646,9.6445,7.3939,4.6702,2.6379,1.4308,0.8028,0.5388,0.5390,0.8177,1.5038,2.8257,4.9382,7.3700,8.5544,7.2315,4.5319,2.3251,1.0938,0.5103,0.2457,0.1238,43.4860,8.0397,0.8915,1.4934,2.3679,2.7511,2.1560,1.1869,0.5318,2.6035,0.3863,1.1277,
12114.3804,23.6420,24.7871,14.2825,5.2336,1.6270,44.0401,8.2608,0.4755,0.7575,1.4527,2.3205,2.7262,2.1721,1.2163,0.5517,2.6403,0.3979,1.1448,
12225.5410,21.9751,11.2443,4.0015,1.2788,44.3851,8.5366,0.6940,1.1413,1.9719,2.6451,2.4702,1.5798,0.7700,2.7603,0.4589,1.1770,
1237.6002,10.7180,13.9623,15.7604,15.2379,11.7540,6.9358,3.3407,1.4712,0.6443,0.2932,0.1408,44.4750,8.6201,0.8066,1.3174,2.1553,2.6686,2.2772,1.3566,0.6398,2.7341,0.4339,1.1830,
12417.3119,20.6058,20.1472,12.7766,5.7147,2.1847,0.8199,0.3211,44.9074,8.9305,0.9104,1.4613,2.2786,2.6416,2.1050,1.1952,0.5536,2.7270,0.4198,1.1923,
12521.2227,22.7184,15.2666,6.6780,2.3881,0.8256,0.2940,45.0667,8.9503,0.5699,0.8884,1.6119,2.3888,2.5769,1.9134,1.0377,0.4735,2.7229,0.4068,1.2020,
12617.1583,24.1831,20.6976,10.2500,3.6297,1.1618,45.4500,9.1269,0.1724,1.2697,0.2898,0.7215,1.7084,3.1708,3.7604,2.4896,1.0164,0.3377,1.1976,
12711.6094,14.2460,15.6139,14.2257,10.0464,5.5159,2.5838,1.1448,0.5115,0.2378,0.1162,45.6806,9.3902,0.6127,0.9383,1.6611,2.3890,2.4995,1.8168,0.9799,0.4504,2.7703,0.4149,1.2320,
1288.2650,9.4501,9.6967,9.3343,9.4949,10.0211,9.3926,6.9545,4.0847,2.0715,0.9910,0.4734,0.2321,0.1177,46.0025,9.6297,0.6272,0.9494,1.6662,2.3752,2.4678,1.7897,0.9681,0.4476,2.7975,0.4212,1.2476,
1298.8753,7.3985,6.5858,6.9485,8.1720,8.8160,7.5604,5.0115,2.7431,1.3621,0.6585,0.3223,0.1621,46.3818,9.9423,0.7417,1.1258,1.8729,2.4610,2.3171,1.5402,0.7924,2.9745,0.5239,1.2942,
13021.8266,21.7103,15.4671,7.2224,2.7113,0.9640,46.8509,10.2945,0.6342,0.9276,1.6183,2.3111,2.4296,1.7983,0.9948,0.4684,2.8626,0.4410,1.2816,
1316.7859,11.0094,15.8555,18.2727,15.2858,9.0605,4.2061,1.7612,0.7295,0.3117,47.0497,10.4832,0.7774,1.1514,1.8790,2.4220,2.2484,1.4890,0.7710,3.0229,0.5352,1.3258,
1324.8414,9.5857,16.6377,21.6728,18.0479,9.4482,3.7075,1.3203,47.4629,10.7813,0.4670,0.5984,1.1209,1.8425,2.3891,2.2431,1.5065,0.7899,3.0604,0.5499,1.3447,
13314.6942,20.9151,20.4829,12.2147,5.0518,1.7950,47.7551,10.9981,0.1923,1.3290,
13410.0688,10.8986,11.5605,11.4605,9.6414,6.4739,3.5864,1.7822,0.8533,0.4106,0.2023,47.8561,11.1686,0.7000,0.9819,1.6495,2.2632,2.3004,1.6760,0.9330,0.4484,2.9671,0.4647,1.3447,
13514.2359,15.2827,14.9331,11.1103,6.3529,3.0617,1.3772,0.6162,0.2827,48.1765,11.4697,0.7290,1.0123,1.6766,2.2605,2.2574,1.6241,0.9004,0.4337,2.9891,0.4678,1.3597,
13620.0585,16.3826,8.9061,3.7357,1.4258,0.5371,48.3715,11.6226,0.4410,0.4980,0.9337,1.5813,2.1908,2.2733,1.7038,0.9747,0.4779,3.0360,0.4885,1.3805,
13716.6100,18.3448,15.2776,8.8476,4.0151,1.6509,0.6687,48.8245,12.1065,0.7157,0.9552,1.5881,2.1783,2.2427,1.6750,0.9598,0.4730,3.0619,0.4947,1.3966,
1381.3159,2.5650,5.0150,9.2658,15.0656,19.0947,16.5813,9.6347,4.2587,1.6827,0.6501,48.9603,12.2279,0.4826,0.5422,0.9954,1.6381,2.1894,2.1898,1.5971,0.9041,0.4451,3.0779,0.4937,1.4104,
13917.1758,17.6300,14.6280,8.5973,4.0007,1.6873,0.6989,49.3634,12.6797,0.7173,0.9240,1.5314,2.1125,2.2101,1.6902,0.9925,0.4985,3.1291,0.5182,1.4327,
1405.4340,9.3245,14.7426,18.3111,15.8739,9.4134,4.2954,1.7524,0.6972,49.5103,12.8358,0.5217,0.5793,1.0423,1.6726,2.1711,2.1117,1.5127,0.8531,0.4226,3.1240,0.5019,1.4413,
14121.5453,13.7350,6.8814,2.8308,50.2712,13.7246,0.3814,0.2800,0.5308,0.9753,1.5878,2.1138,2.1296,1.5826,0.9181,0.4624,3.1691,0.5224,1.4622,
1423.4293,5.3506,7.9138,10.6803,12.9354,13.4519,11.2597,7.3992,4.0173,1.9651,0.9270,0.4378,0.2109,49.8924,13.2876,0.5529,0.6056,1.0708,1.6840,2.1396,2.0449,1.4528,0.8212,3.3629,0.6557,1.5228,
14311.3921,14.5778,16.4387,13.5065,8.0805,3.8980,1.7087,0.7320,50.3453,13.8492,0.6811,0.7953,1.3331,1.9165,2.1533,1.7996,1.1462,0.6096,3.2907,0.5884,1.5136,
14413.6700,17.7399,16.3519,10.2283,4.8162,1.9847,50.7608,14.4053,0.4042,0.2801,0.5216,0.9461,1.5275,2.0338,2.0744,1.5779,0.9409,0.4856,3.2626,0.5541,1.5158,
1456.3376,7.9137,9.6669,11.0194,11.4314,10.0960,7.2426,4.3088,2.2738,1.1358,0.5592,0.2770,50.6582,14.2698,0.6299,0.6809,1.1622,1.7449,2.0994,1.9057,1.3086,0.7324,3.4045,0.6517,1.5646,
14616.2866,14.4223,9.2264,4.6277,2.0582,0.8811,51.0215,14.7825,0.5978,0.6007,1.0394,1.6120,2.0410,1.9735,1.4384,0.8392,3.4854,0.7039,1.5979,0.2364,0.8202,
1474.7397,5.3977,6.7121,7.6964,8.4761,9.2372,9.5975,8.7217,6.5425,4.0982,2.2707,1.1820,0.6014,0.3060,51.1289,14.9375,0.6670,0.7029,1.1795,1.7392,2.0571,1.8456,1.2641,0.7116,3.4503,0.6631,1.5975,0.2331,0.8274,
1486.0132,4.0536,3.1335,2.6529,2.7352,3.4579,4.7614,6.2237,6.9842,6.3643,4.6987,2.9393,1.6580,0.8880,0.4663,0.2442,51.2971,15.2013,0.6206,0.6087,1.0398,1.5935,1.9992,1.9272,1.4108,0.8317,3.5378,0.7220,1.6335,0.2456,0.8394,
1491.2491,2.1437,3.9052,6.8340,10.9731,14.9264,15.5408,11.6295,6.5064,3.0549,1.3339,51.7559,15.9391,0.5745,0.4940,0.8609,1.3848,1.8759,1.9945,1.6098,1.0206,0.5535,3.4313,0.6209,1.6110,0.2325,0.8437,
1501.5488,2.4335,3.9192,5.9873,8.5492,11.1569,12.7402,11.9613,8.8733,5.3311,2.7923,1.3705,0.6592,0.3177,51.6941,15.8539,0.5736,0.4892,0.8489,1.3629,1.8483,1.9753,1.6086,1.0302,0.5639,3.4636,0.6337,1.6301,0.2376,0.8535,
1514.9054,5.7161,6.2877,6.6320,7.1086,7.8438,8.3324,7.7540,6.0003,3.9070,2.2541,1.2166,0.6378,0.3319,51.9529,16.2767,0.6762,0.6361,1.0609,1.5865,1.9447,1.8446,1.3452,0.7993,3.6052,0.7400,1.6840,0.2583,0.8681,
1528.1142,11.7833,14.9777,14.3383,9.9746,5.3727,2.5091,1.1063,52.2255,16.8248,0.4960,0.2981,0.5277,0.9178,1.4288,1.8604,1.9034,1.4948,0.9384,0.5117,3.4940,0.6312,1.6579,0.2433,0.8719,
1534.9895,8.3587,12.6140,15.3279,13.7196,8.9189,4.5813,2.0842,52.6270,17.6206,0.4612,0.1916,0.3364,0.6121,1.0368,1.5453,1.8967,1.8145,1.3426,0.8111,3.6666,0.7670,1.7235,0.2696,0.8881,
1540.2177,0.3812,0.6968,1.2729,2.3112,4.1214,7.0331,10.9300,14.2777,14.3072,10.5091,5.9332,2.8619,1.2891,52.6239,17.6375,0.5023,0.2591,0.4539,0.7975,1.2734,1.7365,1.8969,1.6023,1.0703,0.6082,3.5936,0.6884,1.7081,0.2594,0.8934,
1553.1054,3.7822,4.8264,5.6822,6.3201,6.9250,7.6680,8.2963,8.1119,6.7294,4.6919,2.8541,1.5961,0.8552,0.4504,52.7372,17.7970,0.7457,0.6534,1.0602,1.5477,1.8630,1.7551,1.2896,0.7807,3.7061,0.7747,1.7558,0.2778,0.9075,
15615.0031,13.1652,8.6688,4.5472,2.1149,53.0923,18.7458,0.4132,1.7277,
1574.0548,4.4600,4.7738,4.7329,4.5815,4.6600,5.1992,6.1175,6.8897,6.7953,5.6205,3.9302,2.4240,1.3837,0.7585,0.4081,53.0357,18.5005,0.7325,0.5860,0.9553,1.4267,1.7863,1.7744,1.3779,0.8725,0.4862,3.6172,0.6648,1.7426,0.2650,0.9203,
1580.6909,1.1252,2.0300,3.6149,6.1996,9.7832,13.2011,13.9611,10.9757,6.6053,3.3414,1.5541,53.2778,19.2624,0.4585,1.8275,0.2294,0.4676,1.0346,1.9956,2.9457,2.8936,1.8105,0.8145,1.8256,0.3012,0.9394,
1594.4189,5.6805,7.6873,9.6630,10.8430,10.3037,8.0181,5.1879,2.9463,1.5562,0.7959,0.4027,53.2619,19.1626,0.6305,0.3738,0.6282,1.0255,1.4798,1.7749,1.6882,1.2678,0.7890,3.8191,0.8232,0.3147,1.6494,
1602.8802,3.7837,4.7264,5.5723,6.3566,7.1842,7.9716,8.2323,7.4228,5.6693,3.7285,2.2066,1.2278,0.6627,0.3532,53.4126,19.5578,0.6737,0.4187,0.6942,1.1059,1.5414,1.7703,1.6094,1.1652,0.7098,3.8053,0.7948,1.8369,0.2993,0.9562,
16112.6111,7.5958,4.1199,2.0074,53.7751,20.7762,0.4852,1.8089,
1622.2004,3.7539,6.2540,9.5549,12.4936,12.9435,10.1854,6.2733,3.2875,1.5871,53.8089,20.9415,0.4989,1.8402,
1637.2976,9.2408,10.7457,10.5119,8.3776,5.5245,3.1810,1.6956,0.8711,53.9282,21.1494,0.7584,0.4516,0.7305,1.1327,1.5324,1.7101,1.5217,1.0919,0.6676,3.8639,0.8056,1.8855,0.3123,0.9858,
1641.1257,1.8160,3.0006,4.8227,7.3407,10.1199,11.8742,11.1797,8.2920,5.0454,2.7071,1.3628,54.0759,21.8141,0.6806,0.2814,0.4603,0.7685,1.1733,1.5516,1.6868,1.4649,1.0333,0.6267,3.8699,0.7956,1.8960,0.3140,0.9949,
1654.1527,5.6977,7.7333,9.6087,10.4260,9.4393,7.0310,4.4427,2.5164,1.3427,0.6967,54.0815,21.8441,0.7334,0.3583,0.5804,0.9318,1.3399,1.6327,1.6126,1.2775,0.8414,0.4914,3.8311,0.7396,1.8879,0.3065,1.0010,
1664.6226,6.5549,9.5155,11.8008,11.7186,9.0635,5.6491,3.0546,1.5334,54.2288,22.7048,0.5842,1.9438,
1674.0727,5.3372,6.7911,8.1742,9.0030,8.6753,7.0927,4.9464,3.0529,1.7440,0.9553,0.5128,54.2356,22.5847,0.7522,0.3310,0.5304,0.8554,1.2482,1.5628,1.6037,1.3261,0.9075,0.5452,3.9085,0.7848,1.9355,0.3230,1.0234,
1684.3817,3.4534,3.7924,4.0043,4.2063,4.5736,5.2058,5.9739,6.4598,6.1984,5.1298,3.6912,2.3836,1.4330,0.8257,0.4643,54.3400,23.0423,0.8111,0.3900,0.6173,0.9652,1.3471,1.5914,1.5310,1.1943,0.7848,4.0553,0.9262,0.3729,1.7982,
1694.7601,5.6064,7.5310,9.2308,9.8636,8.8333,6.5792,4.2049,2.4265,1.3220,0.7002,54.4155,23.6046,0.7652,0.2755,0.4353,0.7141,1.0803,1.4332,1.5894,1.4310,1.0558,0.6691,4.0211,0.8710,0.3497,1.8034,
1708.3419,10.5619,11.1421,9.3607,6.3553,3.6948,1.9626,54.5922,24.9673,0.6746,1.9914,
1710.7570,1.0448,1.4497,1.9192,2.3975,2.7978,3.0280,3.0373,2.8460,2.5430,2.2477,2.0760,2.1250,2.4698,3.1429,4.0717,4.9968,5.4941,5.2348,4.2958,3.0938,2.0211,1.2373,0.7279,0.4185,54.5358,24.3591,0.8406,0.3324,0.5180,0.8219,1.1861,1.4810,1.5335,1.2942,0.9105,0.5627,4.0198,0.8337,0.3360,1.8262,
17213.2952,9.7775,7.2067,4.4781,2.4941,1.3101,54.6078,25.3974,0.7055,2.0401,
1730.6031,0.7926,1.1155,1.5096,1.9469,2.3675,2.6883,2.8334,2.7666,2.5128,2.1436,1.7434,1.3803,1.0973,0.9178,0.8595,0.9452,1.2106,1.7017,2.4509,3.4227,4.4282,5.1119,5.1256,4.4279,3.3426,2.2703,1.4327,0.8630,0.5052,54.6725,25.4252,0.9166,0.3656,0.5603,0.8690,1.2193,1.4734,1.4764,1.2139,0.8413,0.5180,4.0490,0.8296,0.3368,1.8547,
1748.2986,6.1822,4.8491,3.3802,2.1542,1.2946,0.7512,54.7589,26.1820,0.9817,0.4057,0.6147,0.9327,1.2698,1.4789,1.4251,1.1325,0.7671,4.1993,0.9888,0.4122,1.8984,0.2774,1.0683,
1756.0380,8.1723,9.8294,9.8554,8.0669,5.5038,3.2935,1.8223,54.7590,27.4437,0.8062,2.0920,
1769.2385,7.8580,5.7624,3.6988,2.1752,1.2163,54.7816,27.5033,0.9239,0.2086,0.3042,0.5003,0.7816,1.1127,1.3836,1.4462,1.2495,0.9081,0.5809,4.1546,0.8958,0.3716,1.9105,0.2751,1.0846,
1777.4826,8.5585,9.3329,8.5300,6.5152,4.2896,2.5531,1.4317,54.7801,28.1986,0.9119,2.2757,0.3769,0.7091,1.3773,2.2413,2.7132,2.2403,1.2921,0.5957,2.0161,0.3284,1.1108,
1789.1227,9.2436,8.7418,6.8958,4.6571,2.8196,1.5986,54.7753,28.9000,0.9276,2.2371,0.2405,0.4288,0.8877,1.6445,2.4588,2.6463,1.9355,1.0258,0.4577,1.9736,0.3011,1.1103,
1795.5466,6.3421,7.8583,8.6005,8.0540,6.4034,4.4174,2.7497,1.6054,54.8046,29.5955,1.0533,0.2224,0.3158,0.5103,0.7833,1.0958,1.3419,1.3888,1.1979,0.8761,0.5672,4.2220,0.9193,0.3873,1.9592,0.2881,1.1149,
1801.7565,2.0503,3.0405,4.3836,6.0091,7.5898,8.5033,8.1770,6.6736,4.7055,2.9768,1.7576,54.7744,30.3277,1.0791,0.1934,0.2655,0.4327,0.6774,0.9790,1.2576,1.3829,1.2725,0.9857,0.6657,4.2951,0.9938,0.4252,1.9886,0.2999,1.1275,
1813.4460,4.5632,6.2083,7.7270,8.4716,7.9434,6.3318,4.3882,2.7484,1.6158,54.7272,30.6887,1.0721,2.3760,0.4079,0.7523,1.4237,2.2463,2.6360,2.1307,1.2243,0.5709,2.0636,0.3376,1.1487,
1821.2538,1.8518,2.7047,3.8587,5.2861,6.7757,7.8579,7.9758,6.9516,5.2342,3.5035,2.1629,1.2703,54.7019,30.8650,1.1029,2.4293,0.4775,0.8783,1.6031,2.3831,2.5803,1.9230,1.0453,0.4774,2.0386,0.3195,1.1512,
1836.6519,7.7087,7.9169,6.9948,5.3405,3.6192,2.2574,1.3368,54.6513,31.5197,1.1352,2.4231,0.4167,0.7604,1.4252,2.2282,2.5980,2.0987,1.2129,0.5707,2.0922,0.3453,1.1687,
1840.2663,0.3696,0.5539,0.8302,1.2399,1.8389,2.6912,3.8409,5.2508,6.6930,7.6972,7.7437,6.7079,5.0445,3.3887,2.1069,54.5458,33.2337,1.2649,0.1797,2.5918,0.8022,1.4140,2.2065,2.5801,2.0978,1.2220,0.5790,2.1102,0.3511,1.1794,
1858.2173,7.8900,6.8314,5.1150,3.4156,2.1105,54.4350,33.7401,1.2217,2.3206,
1863.1092,2.9985,3.4692,4.0434,4.6819,5.2390,5.4729,5.1903,4.4123,3.3821,2.3810,1.5747,0.9980,54.5471,33.0877,1.3810,0.3347,0.4599,0.6893,0.9600,1.1922,1.2781,1.1627,0.9052,0.6225,4.4169,1.0336,0.4565,2.0863,0.3278,1.1890,
1877.3101,7.5443,7.1673,5.8998,4.2785,2.8203,1.7447,54.3049,34.5020,1.3018,2.3961,0.1600,0.2320,0.4853,0.9634,1.6900,2.3832,2.4447,1.7542,0.9439,0.4364,2.0924,0.3275,1.1973,
1881.6807,2.3052,3.3191,4.5933,5.9652,7.0551,7.3845,6.7192,5.3268,3.7621,2.4431,1.5022,54.2407,34.7564,1.3185,2.3967,
1893.2243,3.4001,3.9700,4.5593,5.0036,5.0896,4.6977,3.9120,2.9671,2.0871,1.3899,0.8913,54.2886,34.7182,1.4708,0.2763,0.3625,0.5515,0.7949,1.0436,1.2073,1.2010,1.0215,0.7570,0.5066,4.4317,0.9850,0.4365,2.1202,0.3335,1.2171,
1900.1562,0.9703,6.3294,25.9638,51.3642,35.0959,18.4104,11.2882,3.4605,0.8149,0.1282,0.0219,4.2292,0.6213,2.1943,0.3686,1.2387,
19111.1560,6.6377,6.0343,4.8722,3.5454,2.3857,1.5223,53.8922,36.8417,1.5298,2.5447,0.2923,0.4895,0.9526,1.6501,2.3122,2.3828,1.7379,0.9566,0.4518,2.1554,0.3457,1.2386,
1924.2212,3.9599,4.4545,4.7476,4.6607,4.1589,3.3762,2.5241,1.7693,1.1838,0.7666,53.9672,36.3641,1.5759,0.2229,0.2712,0.4169,0.6203,0.8591,1.0740,1.1780,1.1132,0.9090,0.6568,4.5712,1.1325,0.5220,2.1991,0.3662,1.2549,
1932.2251,1.8098,2.0771,2.3855,2.7595,3.2207,3.7582,4.2948,4.6776,4.7324,4.3724,3.6751,2.8344,2.0374,1.3904,0.9142,53.8008,37.3053,1.6742,0.2472,0.3022,0.4586,0.6696,0.9046,1.0969,1.1625,1.0626,0.8441,0.5987,4.5658,1.0973,0.5044,2.2056,0.3654,1.2633,
1941.2260,0.7595,1.2441,1.8103,2.4496,3.0802,3.5618,3.7476,3.5672,3.0808,2.4409,1.8034,1.2633,0.8512,53.6813,37.9271,1.7638,0.2881,0.3573,0.5313,0.7522,0.9756,1.1251,1.1282,0.9782,0.7447,0.5132,4.5488,1.0425,0.4762,2.2075,0.3617,1.2708,
1953.6495,3.4550,4.5017,5.4901,6.1247,6.1328,5.4654,4.3618,3.1754,2.1587,1.4007,53.3040,39.3010,1.7237,2.5333,
1961.8852,2.0057,2.6126,3.3401,4.1384,4.8858,5.3875,5.4460,4.9899,4.1433,3.1540,2.2403,1.5137,53.0793,40.4541,1.9292,0.1958,2.8221,0.7443,1.2531,1.9486,2.3605,2.0700,1.3257,0.6837,2.3298,0.4284,1.3122,
1971.6035,1.6382,1.8548,2.1096,2.4294,2.8312,3.3063,3.7950,4.1779,4.3111,4.1028,3.5797,2.8783,2.1586,1.5336,1.0471,53.0970,40.3239,1.9769,0.2582,0.2984,0.4445,0.6399,0.8558,1.0338,1.1006,1.0198,0.8270,0.6008,4.6548,1.1465,0.5410,2.2782,0.3908,1.3076,
1980.9519,1.0893,1.3363,1.6261,1.9693,2.3784,2.8617,3.4086,3.9665,4.4269,4.6434,4.5028,4.0040,3.2740,2.4881,1.7845,1.2265,52.8133,41.3886,2.0734,0.2410,0.2671,0.3990,0.5809,0.7915,0.9819,1.0817,1.0411,0.8757,0.6560,4.7015,1.2083,0.5800,2.3098,0.4057,1.3219,
1995.1288,3.0393,3.5066,3.8869,4.0545,3.9185,3.4870,2.8657,2.1985,1.5967,1.1127,52.6594,41.9290,2.1600,0.2692,0.3031,0.4464,0.6363,0.8427,1.0100,1.0700,0.9907,0.8062,0.5897,4.6927,1.1607,0.5540,2.3121,0.4024,1.3294,
2001.1921,1.4475,1.7720,2.1616,2.6248,3.1527,3.7062,4.1950,4.4886,4.4674,4.0959,3.4576,2.7104,1.9983,1.4069,52.2597,43.3106,2.2952,0.2483,0.2651,0.3922,0.5671,0.7687,0.9518,1.0506,1.0173,0.8644,0.6553,4.7431,1.2339,0.6006,2.3474,0.4199,1.3447,
2010.8908,0.9779,1.0669,1.1402,1.1978,1.2458,1.2968,1.3682,1.4829,1.6640,1.9316,2.2913,2.7213,3.1587,3.5010,3.6371,3.5000,3.1100,2.5639,1.9826,1.4559,1.0284,52.2549,43.2107,2.3107,0.2633,0.2845,0.4170,0.5949,0.7930,0.9626,1.0397,0.9862,0.8238,0.6172,4.7469,1.2103,0.5887,2.3560,0.4206,1.3538,
2020.3936,0.5366,0.7433,1.0267,1.4095,1.9124,2.5442,3.2833,4.0533,4.7098,5.0695,4.9942,4.4835,3.6872,2.8133,2.0249,1.3970,51.7803,44.5196,2.3268,2.7036,
2034.2440,4.5812,4.6773,4.3964,3.8012,3.0459,2.2911,1.6414,51.2963,46.1076,2.5804,2.8430,0.3187,0.4952,0.9217,1.5376,2.1114,2.1972,1.6741,0.9817,0.4936,2.3422,0.4029,1.3648,
2042.7823,2.8755,3.3820,3.8326,4.1217,4.1507,3.8810,3.3651,2.7216,2.0757,1.5114,51.0901,46.7247,2.7294,0.2334,3.0194,0.7806,1.2589,1.8880,2.2269,1.9389,1.2617,0.6714,2.4386,0.4609,1.3952,
2050.6092,0.4754,0.6218,0.8126,1.0597,1.3757,1.7724,2.2559,2.8135,3.4041,3.9426,4.3125,4.3993,4.1540,3.6274,2.9477,2.2547,1.6447,50.6698,47.7902,2.8270,0.1675,2.8632,0.4417,0.7190,1.2554,1.8796,2.2102,1.9230,1.2540,0.6698,2.4521,0.4650,1.4057,
2062.8687,1.2818,1.6682,2.0895,2.5048,2.8402,3.0171,2.9829,2.7421,2.3534,1.9014,1.4613,1.0801,50.8562,47.2549,2.8706,0.2820,0.2789,0.3988,0.5595,0.7371,0.8902,0.9661,0.9301,0.7954,0.6134,4.8460,1.2701,0.6395,2.4503,0.4575,1.4119,
2074.0875,2.1685,2.5483,2.9452,3.3038,3.5435,3.5886,3.4031,3.0164,2.5082,1.9736,1.4848,50.1167,49.2607,3.1531,0.2749,0.2557,0.3652,0.5163,0.6892,0.8485,0.9439,0.9353,0.8231,0.6514,4.8805,1.3243,0.6788,2.4830,0.4746,1.4273,
2083.7827,3.7245,3.7802,3.5922,3.1892,2.6568,2.0940,1.5783,49.6684,50.3005,3.2814,0.2266,3.0422,0.6580,1.0565,1.6582,2.1155,2.0386,1.4636,0.8354,2.5772,0.5351,1.4593,
2092.9616,2.6543,2.7555,2.6802,2.4371,2.0827,1.6865,1.3064,0.9770,49.9998,49.3235,3.1841,0.2578,3.1483,0.8091,1.2689,1.8559,2.1449,1.8515,1.2121,0.6558,2.5021,0.4789,1.4467,
2102.4695,1.9813,2.3617,2.7648,3.1421,3.4258,3.5446,3.4536,3.1577,2.7142,2.2074,1.7137,1.2822,49.3084,50.9731,3.3987,0.1982,3.0000,0.4951,0.7884,1.3261,1.8969,2.1254,1.7789,1.1393,0.6104,2.4943,0.4686,1.4516,
2113.5909,3.2270,3.5708,3.7383,3.6751,3.3837,2.9241,2.3879,1.8592,1.3944,48.7971,52.0950,3.5565,2.9717,0.1662,1.3166,0.5198,1.0776,2.0065,2.8633,2.7527,1.7253,0.7937,1.5961,0.2826,0.9188,
2120.4790,0.5050,0.6598,0.8604,1.1163,1.4353,1.8203,2.2619,2.7325,3.1794,3.5282,3.7011,3.6472,3.3685,2.9230,2.3986,1.8782,1.4171,48.3621,53.0225,3.7231,2.9640,
2132.0658,0.9588,1.1435,1.3678,1.6340,1.9413,2.2792,2.6214,2.9247,3.1325,3.1932,3.0791,2.8038,2.4169,1.9832,1.5613,47.5825,54.8260,4.1843,0.2509,3.1371,0.6252,0.9811,1.5439,2.0073,2.0062,1.5091,0.9002,0.4687,2.4693,0.4356,1.4656,
2142.8180,2.4183,2.4254,2.2946,2.0523,1.7446,1.4199,1.1145,47.8625,54.1264,4.1157,0.2941,3.2715,0.8226,1.2572,1.8052,2.0640,1.7838,1.1841,0.6539,2.5715,0.5018,1.5002,
2150.6046,6.3474,27.9417,44.9164,22.5970,5.3705,1.8980,1.8089,3.6797,8.9261,14.0873,8.3103,2.3710,0.4562,0.0074,4.8118,0.6877,2.5648,0.4808,1.5012,
2160.5357,10.7416,37.7487,40.8116,15.3915,6.5289,9.6453,14.1921,8.1988,2.3192,0.4395,0.0135,4.8323,0.6910,2.5797,0.4859,1.5121,
2170.0604,0.2333,1.6125,8.7968,39.2036,74.8245,22.5164,2.3611,0.7014,0.3818,4.9741,1.1168,0.5636,2.5669,0.4804,1.5186,
2180.5861,0.5571,0.7052,0.8895,1.1132,1.3796,1.6853,2.0179,2.3547,2.6589,2.8865,2.9945,2.9568,2.7748,2.4779,2.1147,1.7343,1.3764,45.5411,58.4938,5.0443,3.1336,
2192.1868,1.9312,1.3699,1.0094,22.5139,46.1627,26.0699,11.5435,13.8391,11.6219,4.0515,0.9076,0.0822,0.0852,4.8749,0.7338,2.6425,0.5163,1.5508,
2202.2480,2.3585,2.4382,2.4175,2.2937,2.0828,1.8151,1.5249,1.2410,44.6517,60.0487,5.5987,0.2667,3.2064,0.4614,0.6900,1.1493,1.6702,1.9646,1.7779,1.2443,0.7199,2.6885,0.5556,1.5753,
2211.6276,1.7469,2.0278,2.2905,2.5040,2.6356,2.6597,2.5679,2.3720,2.1006,1.7903,1.4759,1.1838,44.3359,60.4769,5.6793,3.2230,
2220.1349,0.8953,5.8213,26.1326,66.6135,43.2996,6.5233,0.9774,0.2027,5.0192,0.8833,0.4213,2.5672,0.4509,1.5513,
2230.5864,9.3463,34.6765,41.6542,16.4205,4.5882,3.4489,6.6894,12.9786,11.4085,4.0216,0.8930,0.0710,0.0939,4.9593,0.7482,2.7027,0.5387,1.5955,
2240.7371,3.8495,20.9185,56.2710,51.8365,13.4768,2.3029,0.3799,0.0049,5.0092,0.7887,0.3685,2.5694,0.4403,1.5648,
2251.0528,16.2024,51.8692,50.4909,18.0582,4.1154,0.7825,0.0585,0.0785,5.0048,0.7844,0.3687,2.5830,0.4446,1.5753,
2262.5970,1.2498,1.2178,1.1375,1.0214,0.8871,41.7901,64.4121,7.4207,0.4310,0.2484,0.3157,0.4166,0.5275,0.6288,0.6964,0.7096,0.6631,0.5709,5.1675,1.4841,0.8707,0.4738,2.6481,0.4907,1.6027,
2271.0743,0.4821,0.5468,0.6253,0.7181,0.8272,0.9536,1.0960,1.2517,1.4131,1.5709,1.7106,1.8170,1.8755,1.8765,1.8169,1.7025,1.5455,1.3622,1.1701,40.2144,66.6112,8.2682,0.3398,3.3107,0.3570,0.4877,0.8362,1.3066,1.7369,1.8484,1.5294,1.0113,0.5748,2.7112,0.5343,1.6293,
2280.4453,4.1834,26.3059,74.2954,36.3647,2.9713,0.8624,0.7018,0.6154,0.5120,5.1906,1.4225,0.8243,0.4485,2.6627,0.4898,1.6201,
2291.2352,0.9789,0.5824,0.2716,0.0043,0.2403,0.4707,0.6894,0.8934,1.0756,1.2259,1.3345,1.3935,1.3997,1.3558,1.2698,1.1530,38.1481,69.2320,10.0139,0.5454,0.2733,0.3348,0.4317,0.5337,0.6210,0.6717,0.6702,0.6166,0.5255,5.2043,1.4563,0.8585,0.4722,2.6874,0.5030,1.6343,
2300.4453,7.5406,38.4433,71.4864,24.9679,2.8200,0.5363,5.2530,1.0508,0.5350,2.7280,0.5254,1.6525,
2311.3766,1.0491,0.8159,17.7593,43.7514,30.2122,10.4154,8.3044,13.3185,11.1400,3.8546,0.8255,0.0385,0.1141,5.1239,0.7742,0.3666,2.6610,0.4665,1.6370,
2320.1888,6.9775,29.4947,47.7885,29.9612,17.3771,10.9783,3.4413,0.6933,0.0082,0.1182,5.1426,0.7845,0.3739,2.6775,0.4732,1.6486,
2331.6769,1.4608,1.4695,1.4442,1.3860,1.2990,1.1902,1.0684,35.4577,71.8574,12.0191,0.4582,3.3844,0.2319,0.2470,0.4385,0.7531,1.1810,1.6017,1.7739,1.5503,1.0853,0.6469,2.8289,0.5929,1.7077,0.2906,1.0546,
2341.2518,0.6186,0.7039,0.7985,0.8992,1.0034,1.1072,1.2057,1.2923,1.3609,1.4045,1.4200,1.4034,1.3568,1.2826,1.1866,1.0759,34.3267,72.8581,13.0701,0.4902,3.3815,0.1803,1.5058,0.4432,0.8588,1.5784,2.3673,2.5922,1.9529,1.0688,0.4892,1.6815,
2351.8732,1.3530,1.3661,1.3519,1.3101,1.2429,1.1558,1.0545,33.3944,73.5805,13.9891,0.5171,3.3740,
2360.6429,39.0930,67.3119,9.0786,0.3328,3.3794,
2370.9557,0.8009,0.8824,0.9629,1.0383,1.1052,1.1590,1.1960,1.2129,1.2081,1.1817,1.1345,1.0695,30.2913,75.5136,17.5287,0.6795,3.4341,
2380.2502,1.3734,8.2155,30.9735,60.4372,37.4875,8.8009,1.5829,0.2014,0.0660,5.2807,0.8223,0.4006,2.7680,0.5069,1.7155,
2390.8239,0.6746,0.7513,0.8127,0.8560,0.8798,26.3293,76.2290,24.0953,1.4416,0.4628,0.4729,0.5299,0.5667,0.5681,0.5319,5.2868,1.6081,1.0745,0.6509,2.9105,0.6244,1.7751,0.3123,1.0989,
2400.0934,14.4333,44.4147,45.6234,23.2205,10.3297,2.7870,0.4879,0.0465,0.1340,5.3005,0.8214,0.4033,2.7952,0.5164,1.7372,
2410.6811,11.9861,47.2204,60.5470,19.4306,3.0084,0.4507,0.0013,5.3572,0.8564,0.4237,2.8177,0.5281,1.7511,0.2939,1.1044,
2420.6968,0.6995,0.7416,0.7771,0.8036,20.7966,74.1651,34.3051,2.0756,0.3478,0.3208,0.3844,0.4536,0.5095,0.5395,0.5362,0.4998,5.3220,1.5849,1.0668,0.6547,2.9520,0.6420,1.8097,0.3241,1.1214,
2430.9384,0.0047,0.1667,0.2861,0.3669,0.4172,27.6650,75.6024,22.3219,1.4175,0.4916,0.4857,0.5205,0.5332,0.5138,5.2983,1.6353,1.1471,0.7248,3.0034,0.6818,1.8365,0.3364,1.1321,
2440.2237,9.8714,45.0791,66.8832,18.8371,2.1719,0.3724,5.4819,1.0255,0.5389,2.9131,0.5903,1.8046,0.3160,1.1308,
2450.5057,0.5812,0.3876,33.2136,72.7166,15.1787,0.9661,0.4146,0.4331,0.4802,0.5097,0.5105,0.4813,5.3424,1.5887,1.0963,0.6890,3.0099,0.6751,1.8516,0.3399,1.1456,
2460.5970,0.6059,0.3463,0.1781,30.1638,74.4144,19.1710,1.3093,0.5125,0.4929,0.5058,0.4967,5.2981,1.6463,1.1998,0.7847,3.0768,0.7309,1.8861,0.3571,1.1581,
2470.1245,0.0041,0.1221,0.2133,0.2830,21.4168,73.2451,34.5658,2.6814,0.6402,0.5185,0.4909,5.3130,1.6354,1.1921,0.7821,3.0884,0.7357,1.8973,0.3610,1.1657,
2480.4223,0.3053,0.1244,0.0016,0.0821,25.7346,75.1613,25.6450,1.7044,0.5055,0.4670,0.4842,0.4844,5.2846,1.6539,1.2456,0.8393,0.5054,2.9523,0.6036,1.8461,0.3293,1.1601,
2490.2587,11.4827,45.4397,60.8165,20.7473,3.2347,0.4652,0.0119,5.5123,0.8722,0.4404,2.9277,0.5687,1.8393,0.3225,1.1637,
2501.0376,8.5085,39.3623,67.2179,24.8936,3.1446,0.4516,5.6250,0.9643,0.4972,2.9678,0.5973,1.8609,0.3323,1.1735,
2511.7186,10.2016,39.4292,68.5253,23.9764,2.7752,0.4281,5.6192,1.0423,0.5595,3.0127,0.6325,1.8857,0.3441,1.1840,
2523.8464,19.5268,50.4581,51.0468,17.5096,3.5463,0.5637,0.0315,5.5828,0.8146,0.4012,2.9457,0.5629,1.8630,0.3282,1.1841,
2530.0495,10.8152,48.0985,64.8863,15.7669,1.7321,0.3193,5.6166,1.0978,0.6109,3.0654,0.6692,1.9202,0.3591,1.2020,
2540.4435,0.2715,22.9068,73.4807,31.5209,2.3854,0.5681,0.4548,5.2565,1.6263,1.3253,0.9675,0.6201,3.0888,0.6905,1.9393,0.3680,1.2113,
2550.3974,0.8665,0.6143,0.4438,0.3261,24.2073,74.3083,28.2652,1.8682,0.4395,0.3874,0.4099,5.1287,1.6046,1.4141,1.1102,0.7501,3.1743,0.7689,1.9855,0.3929,1.2270,
2560.8825,4.4780,22.7211,57.2205,48.2582,11.0930,1.6540,0.1835,0.0730,5.6245,0.9009,0.4686,3.0293,0.6128,1.9209,0.3515,1.2174,
2570.0176,1.6429,9.3793,33.3863,60.4732,33.8669,7.1386,1.1598,0.0819,0.1108,5.6382,0.8822,0.4565,3.0355,0.6114,1.9289,0.3536,1.2244,
2580.2389,13.7537,59.4620,55.9196,7.5369,0.9119,0.4251,5.5353,1.4721,1.0268,0.6744,3.1683,0.7409,1.9990,0.3934,1.2458,
2597.9319,30.1790,44.2144,26.5632,16.0615,12.6830,4.9091,1.0813,0.0444,0.1632,5.6820,0.8218,0.4137,3.0385,0.5987,1.9405,0.3552,1.2372,
2600.2146,0.5137,0.4056,9.8519,42.1894,64.2716,22.2962,2.9537,0.3878,0.0052,5.7037,0.9554,0.5122,3.1007,0.6529,1.9746,0.3731,1.2502,
2610.4916,6.7027,38.3929,73.5547,18.8663,0.9487,4.2143,0.5231,0.6108,0.8978,1.2002,1.3861,1.3420,1.0859,0.7554,3.2533,0.8111,2.0604,0.4233,1.2759,
2620.1582,6.6926,31.5499,64.2759,34.8609,5.5084,0.7331,0.0371,5.7630,0.9286,0.4908,3.1138,0.6501,1.9909,0.3777,1.2643,
2630.3229,7.4990,34.2005,64.4690,31.4666,4.8208,0.6405,0.0168,5.7769,0.9272,0.4911,3.1261,0.6550,2.0019,0.3817,1.2720,
2640.1650,8.8734,47.3327,68.3322,11.7763,0.5247,4.0677,0.2072,1.7544,0.3267,0.5681,1.0332,1.6558,2.1502,2.0991,1.5132,0.8594,0.4285,1.9201,0.3315,1.2583,
2652.0050,12.1780,46.9948,66.7055,14.7682,1.4167,0.3925,5.6957,1.3551,0.9055,0.5901,3.2081,0.7311,2.0566,0.4105,1.2957,
2660.5494,0.5841,0.4681,8.7311,38.4657,64.8792,25.9679,3.5434,0.4521,0.0050,5.8137,0.9604,0.5215,3.1781,0.6860,2.0432,0.3992,1.2973,
2671.5141,1.1789,0.9409,0.7732,0.6506,19.2628,70.1894,38.4673,2.8554,0.3494,4.7036,1.0326,1.1643,1.3180,1.2726,1.0386,0.7350,3.3153,0.8368,0.4005,1.9326,0.3295,1.2760,
2680.0014,2.1090,12.3970,45.6976,65.8119,16.7672,1.7117,0.3122,5.8297,1.1779,0.7141,3.3073,0.8131,0.3881,1.9355,0.3283,1.2816,
2690.1458,7.2637,39.2198,71.8153,19.4459,1.4414,0.4186,5.3285,1.4492,1.2845,1.0638,0.7683,0.5004,3.2095,0.7031,2.0781,0.4135,1.3215,
2700.0975,11.5583,55.7845,59.8345,7.3706,4.4762,
2711.3680,1.1485,0.8799,0.6936,0.5608,0.4637,11.4789,52.9550,61.8105,10.2327,0.9804,0.3761,5.6018,1.4377,1.1077,0.8132,0.5398,3.2539,0.7356,2.1118,0.4297,1.3403,
2722.3110,1.6767,1.2395,0.9444,0.7377,0.5880,0.4769,0.3925,5.3972,23.9632,49.9388,42.3341,16.9609,4.4697,0.7962,0.0311,0.1781,5.9137,0.8696,0.4569,3.2160,0.6779,2.0915,0.4134,1.3400,
2730.1189,0.3443,2.1264,10.2558,39.6810,68.1239,22.1083,2.2669,0.3551,5.9175,1.1703,0.7164,3.3679,0.8449,0.4116,1.9891,0.3470,1.3194,
2741.6622,1.3180,0.9953,0.7722,0.6121,0.4935,0.4038,4.8587,20.8235,39.5694,27.7495,8.3951,2.4961,1.3353,1.5848,3.2469,7.5608,12.9187,9.7538,3.2148,0.5759,0.0877,0.2015,5.9490,0.8600,0.4509,3.2363,0.6834,2.1115,0.4208,1.3553,
2750.0852,7.8554,40.3508,70.1804,19.2113,1.5987,0.4080,5.6605,1.4061,1.0891,0.8136,0.5504,3.3066,0.7632,2.1608,0.4507,1.3737,
2760.1287,0.7696,0.6152,0.5038,0.4205,7.8254,39.1439,69.6370,21.2808,1.9374,0.3924,5.8362,1.3182,0.9133,0.6295,3.3606,0.8177,0.3999,2.0093,0.3507,1.3392,
2770.1310,10.6781,51.0370,63.3867,10.6940,0.8765,0.3288,5.4097,1.3552,1.2150,1.0481,0.7931,0.5401,3.3245,0.7680,2.1808,0.4586,1.3892,
2780.1348,4.0789,24.1894,68.9275,38.9905,3.1440,0.3708,5.0064,1.0461,1.1048,1.2006,1.1320,0.9206,0.6613,3.4030,0.8558,0.4245,2.0377,0.3632,1.3565,
2790.2601,0.6025,0.5017,8.4637,41.9889,68.7764,18.0291,1.5537,0.3716,5.7762,1.3550,1.0115,0.7431,0.5002,3.3262,0.7524,2.1902,0.4593,1.4019,
2801.5395,1.3063,1.1034,0.9458,0.8203,0.7189,0.6353,12.3794,57.1599,57.1383,6.7916,4.7046,
2810.2811,0.3888,0.3173,3.4466,15.8422,36.2544,33.0134,11.7465,3.2727,1.4385,1.3415,2.4145,5.5930,11.3188,12.0481,5.2306,1.2000,0.0427,0.1959,6.0999,0.8337,0.4305,3.3061,0.7016,2.1809,0.4469,1.4092,
2821.2849,7.1388,27.1300,59.3804,40.7264,8.0819,1.0971,0.0433,0.1271,6.0737,0.9458,0.5262,3.3667,0.7670,2.2233,0.4731,1.4261,
2831.0636,1.0491,0.8967,0.7731,0.6736,0.5926,10.4125,51.0695,63.1913,9.7507,0.5095,4.5892,0.3526,0.2811,0.4190,0.6164,0.8451,1.0481,1.1439,1.0810,0.8868,0.6461,3.4513,0.8759,0.4425,2.0887,0.3815,1.3944,
2840.3196,0.3301,3.3386,15.4132,36.2245,35.5541,16.2115,10.9577,13.5593,9.3323,2.9531,0.4907,0.1185,0.2183,6.1282,0.8683,0.4618,3.3559,0.7350,2.2238,0.4676,1.4363,
2850.0906,4.2358,24.5600,68.3669,38.5749,3.2776,0.3957,5.2623,1.1025,1.0945,1.1218,1.0078,0.7937,0.5626,3.4276,0.8267,0.4154,2.0927,0.3777,1.4051,
2860.1928,2.9469,15.9149,50.5939,58.5209,13.4821,1.4656,0.1654,6.1535,1.0485,0.6183,3.4602,0.8508,0.4303,2.1081,0.3850,1.4142,
2870.4899,0.5316,7.3490,38.1992,70.2462,20.5810,1.5636,0.3384,5.5965,1.2705,1.1130,0.9756,0.7611,0.5376,3.4363,0.8198,0.4136,2.1086,0.3821,1.4190,
2880.0760,0.3481,1.7484,8.5816,35.7857,69.8601,24.0773,2.0805,0.3757,5.8758,1.2962,0.9918,0.7661,0.5422,3.4496,0.8277,0.4194,2.1197,0.3866,1.4270,
2890.0694,0.9682,0.7362,0.5694,0.4479,0.3576,0.2890,2.8838,14.3749,41.3126,54.8227,24.2688,5.1494,0.7887,0.0445,0.1835,6.2081,0.9037,0.4937,3.4274,0.7791,2.2900,0.4996,1.4808,
2901.0915,0.9408,0.7859,0.6659,0.5703,0.4928,6.7910,36.7107,71.0983,20.9923,1.2882,5.0236,0.6590,0.6610,0.8550,1.0171,1.0702,0.9839,0.7957,0.5792,3.4916,0.8673,0.4460,2.1494,0.4007,1.4451,
2910.2431,2.4504,12.2525,36.1140,52.6413,29.6831,8.7257,1.7404,0.1404,0.1742,6.2831,0.8536,0.4481,3.4256,0.7565,2.2950,0.4972,1.4922,
2921.6979,1.3203,1.0104,0.7954,0.6402,0.5245,0.4360,5.0489,27.3099,68.1342,35.3549,3.4069,0.4609,5.8824,1.2705,1.0062,0.8139,0.5999,3.5241,0.8943,0.4653,2.1755,0.4126,1.4623,
2930.0207,1.4153,7.3743,24.6214,45.2504,36.5640,19.0415,7.8429,1.9105,0.1927,0.1808,0.2242,6.2697,0.8976,0.4916,3.4697,0.7969,0.4054,2.1546,0.3942,1.4606,
2940.0448,
2950.1783,1.8334,9.9652,35.6066,63.5284,27.9832,3.7904,0.4148,0.0440,6.2923,0.9840,0.5696,3.5311,0.8641,0.4491,2.1926,0.4146,1.4815,
2960.2882,0.9328,0.7037,0.5429,0.4260,0.3390,0.2729,2.5238,13.3411,43.6344,61.1404,19.4059,2.3663,0.2329,6.3932,0.9686,0.5435,3.5272,0.8466,0.4392,2.1960,0.4137,1.4871,
2971.0234,0.9861,0.8030,0.6633,0.5539,0.4662,0.3948,4.4046,25.0713,68.0262,37.1945,3.0566,0.2942,5.2148,0.7612,0.7502,0.9047,0.9952,0.9696,0.8348,0.6446,3.6015,0.9652,0.5183,2.2438,0.4454,1.5069,
2980.4478,0.5466,0.4528,0.3779,3.9716,22.4797,65.0653,42.6495,4.2556,0.4397,5.5839,1.0623,0.9838,0.9865,0.8865,0.7115,0.5206,3.5456,0.8672,0.4556,2.2207,0.4251,1.5042,
2991.5500,1.2771,0.9311,0.6941,0.5282,0.4084,0.3199,0.2537,2.1308,11.0605,36.4012,59.7993,28.1589,4.7742,0.5895,0.0677,6.4246,0.8992,0.4874,3.5301,0.8204,0.4262,2.2143,0.4167,1.5067,
3002.6278,2.0294,1.5733,1.2495,1.0103,0.8281,0.6858,0.5723,0.4803,0.4047,0.3423,3.5893,20.9125,64.1389,44.7213,4.1990,5.2057,0.3951,0.2579,0.3628,0.5156,0.6926,0.8581,0.9592,0.9531,0.8393,0.6630,3.6421,1.0030,0.5488,2.2845,0.4656,1.5340,
3010.1301,1.5124,8.0761,29.0988,59.1339,37.2006,7.0681,0.9085,0.0140,0.1566,6.3880,0.9464,0.5402,3.5780,0.8731,0.4621,2.2488,0.4354,1.5269,
3020.4961,0.5590,0.4681,0.3927,0.3303,3.3040,19.3648,62.0802,47.8270,4.8385,5.1793,0.2523,2.0433,
3030.7248,0.7561,0.5889,0.4657,0.3725,3.1967,17.4826,55.6533,54.2176,8.8712,0.8403,6.2479,1.1892,0.8575,0.6685,3.6732,1.0236,0.5681,2.3196,0.4820,1.5596,
3040.2081,1.4449,1.0892,0.8414,0.6624,0.5285,0.4263,0.3465,3.0752,17.3994,57.1684,53.4388,7.5246,0.6629,5.8748,1.1145,0.9555,0.8922,0.7565,0.5831,3.6391,0.9540,0.5212,2.3036,0.4666,1.5588,
3050.5175,0.5824,0.4636,0.3724,0.3015,2.5989,14.7562,51.7570,59.2072,10.4290,0.8756,5.9950,1.1439,0.9453,0.8497,0.6973,0.5248,3.6189,0.9086,0.4917,2.2968,0.4578,1.5611,
3060.8484,0.7242,0.5322,0.3974,0.3005,0.2297,1.6073,7.9960,25.2418,43.0632,33.2505,18.8843,9.7123,2.8100,0.4176,0.1519,0.2418,6.5144,0.8720,0.4701,3.5933,0.8414,0.4474,2.2823,0.4431,1.5607,
3070.2400,0.2982,2.2765,12.2610,42.7462,63.1823,18.6844,1.9202,0.2059,6.4364,1.0647,0.6715,0.4799,3.6150,0.8760,0.4720,2.3031,0.4557,1.5723,
3080.2631,0.2652,0.2020,1.3718,6.8578,22.1976,39.1691,29.5215,15.5475,14.1744,10.0743,3.4210,0.6095,0.1151,0.2444,6.5647,0.8554,0.4538,3.6052,0.8374,0.4469,2.2984,0.4484,1.5751,
3090.3523,0.4058,0.3207,2.4846,13.8446,48.8102,61.0173,12.5382,1.0798,6.2431,1.1557,0.8801,0.7402,0.5783,3.6847,0.9793,0.5466,2.3580,0.4914,1.6003,
3100.0453,0.6927,3.6571,13.8712,34.8054,41.8279,25.6775,14.9946,6.0827,1.3935,0.0605,0.2201,0.2428,6.5564,0.8968,0.4962,3.6454,0.8819,0.4791,2.3310,0.4667,1.5952,
3110.3497,0.2908,0.2182,1.4014,6.9307,22.1662,38.3615,27.8014,13.3654,12.4841,12.5659,5.9969,1.4778,0.0847,0.2198,0.2479,6.5792,0.8893,0.4889,3.6515,0.8805,0.4794,2.3392,0.4695,1.6027,
3121.6713,1.3017,0.9612,0.7249,0.5555,0.4304,0.3364,0.2646,1.9530,11.0091,41.8770,65.6731,17.6180,1.4710,6.2589,1.1270,0.8766,0.7674,0.6228,3.7349,1.0448,0.5999,2.4109,0.5233,1.6330,
3131.0788,0.9436,0.7482,0.5969,0.4774,0.3830,0.3077,0.2470,1.9020,11.1968,44.4241,65.4863,13.9244,0.7965,5.2246,
3140.1896,0.7236,0.5331,0.3986,0.3009,0.2295,1.5257,8.1500,30.4256,62.6348,33.5151,4.6631,0.4781,0.0349,6.5693,0.9902,0.5951,3.7308,0.9940,0.5643,2.4082,0.5138,1.6410,
3150.3583,0.4464,0.3319,0.2492,0.1889,1.2215,6.4699,24.4272,56.8233,43.1689,8.6132,1.0326,0.0031,6.6948,0.9149,0.5044,3.6963,0.9108,0.5054,2.3852,0.4916,1.6370,
3160.1329,1.4346,7.8543,30.7474,65.0338,31.6256,3.6278,0.3764,6.5494,1.0671,0.6949,0.5244,3.7224,0.9635,0.5457,2.4146,0.5121,1.6524,
3170.9844,0.9164,0.6778,0.5089,0.3860,0.2950,0.2271,1.5128,8.4340,33.5689,66.8753,26.7182,2.5453,6.5711,1.1278,0.8103,0.6760,0.5320,3.7360,0.9821,0.5612,2.4311,0.5220,1.6630,
3181.6966,1.3455,0.9365,0.6674,0.4840,0.3552,0.2641,0.1977,1.2179,6.4200,24.2492,56.7180,43.2804,8.5716,1.0111,0.0007,6.7379,0.9171,0.5077,3.7254,0.9288,0.5224,2.4183,0.5078,1.6625,
3191.1869,0.8589,0.6284,0.4662,0.3498,0.2642,1.6669,9.0591,34.5595,65.5853,26.2973,2.7262,0.2914,6.5346,1.0668,0.7147,0.5570,3.7642,1.0143,0.5889,2.4622,0.5407,1.6838,
3200.3077,0.3635,0.2819,0.2191,1.4547,8.4156,35.2220,68.5012,22.6695,1.5852,5.6819,0.5598,0.4143,0.5243,0.6499,0.7489,0.7896,0.7560,0.6585,0.5280,3.7610,0.9976,0.5779,2.4644,0.5390,1.6891,
3212.3716,1.6252,1.1093,0.7752,0.5521,0.3991,0.2916,0.2153,1.2573,6.5340,24.2428,55.6849,43.2461,9.1554,1.1396,0.0074,0.1634,6.7127,0.9311,0.5339,3.7645,0.9717,0.5587,2.4618,0.5331,1.6924,
3220.0856,1.0052,5.0212,17.4887,37.5745,37.7820,22.3223,13.8392,5.5413,1.2381,0.0196,0.2347,0.2519,6.7589,0.8872,0.4877,3.7527,0.9320,0.5304,2.4546,0.5233,1.6939,
3230.0319,0.6605,3.3827,12.6791,32.1629,39.9572,25.2668,16.2768,8.7296,2.5173,0.3425,0.1776,0.2575,6.8097,0.8604,0.4578,3.7484,0.9084,0.5142,2.4539,0.5190,1.6980,
3240.2183,0.1931,1.1053,5.8694,23.0238,57.4535,44.5257,7.8922,0.8239,0.0018,6.7479,0.9655,0.5715,3.8061,1.0274,0.6071,2.5125,0.5652,1.7258,
3250.4070,0.3068,0.2208,0.1604,0.8792,4.5202,17.0400,43.6840,50.7722,20.0937,3.9526,0.5091,0.1259,0.2217,6.8110,0.8913,0.4906,3.7801,0.9488,0.5474,2.4876,0.5403,1.7201,
3260.5166,0.6297,0.4617,0.3409,0.2537,0.1890,1.0981,6.0940,25.6125,63.9833,37.7405,4.2256,0.4191,6.4092,1.0262,0.7655,0.6849,0.5781,3.8313,1.0910,0.6648,2.5613,0.6009,1.7551,0.3433,1.1922,
3270.0709,0.6853,3.6358,14.8322,44.4088,56.9660,17.9380,2.2821,0.1730,0.1263,6.8056,0.9330,0.5370,3.8163,1.0070,0.5960,2.5302,0.5698,1.7463,0.3360,1.1939,
3281.4218,1.1266,0.8279,0.6138,0.4573,0.3422,0.2562,0.1920,1.1117,6.3128,27.3435,66.5004,33.3639,2.9339,6.0449,0.6520,0.4783,0.5717,0.6656,0.7190,0.7124,0.6470,0.5421,3.8325,1.0620,0.6444,2.5656,0.5977,1.7658,0.3461,1.2025,
3292.0622,1.4764,0.9803,0.6648,0.4585,0.3202,0.2260,0.1609,0.8282,4.1724,15.3587,38.1714,46.8402,25.6272,8.3526,1.7744,0.1261,0.2109,0.2470,6.8775,0.8817,0.4808,3.8098,0.9584,0.5608,2.5266,0.5592,1.7533,0.3365,1.2032,
3300.9036,0.7654,0.5553,0.4060,0.2980,0.2194,0.1619,0.8956,4.9920,21.7367,61.0571,43.9769,5.3774,0.4794,6.2943,0.9262,0.7190,0.7106,0.6624,0.5711,3.8579,1.1119,0.6921,2.6093,0.6298,1.7936,0.3596,1.2172,
3310.3413,0.4501,0.3112,0.2172,0.1534,0.7641,3.8033,13.7986,33.2428,39.1774,24.5840,15.7567,7.7605,2.0902,0.2292,0.2023,0.2618,6.9391,0.8591,0.4546,3.8159,0.9411,0.5502,2.5365,0.5603,1.7658,0.3407,1.2139,
3321.2269,0.9365,0.6834,0.5016,0.3693,0.2721,0.2012,0.1479,0.8074,4.5568,20.4438,60.5356,45.5600,5.3024,0.4008,5.9105,0.5881,0.4108,0.4981,0.5962,0.6683,0.6922,0.6594,0.5790,3.8739,1.1383,0.7211,2.6425,0.6533,1.8175,0.3709,1.2309,
3332.1857,1.8251,1.2703,0.8991,0.6440,0.4652,0.3380,0.2460,0.1795,0.9539,5.2888,22.8518,62.1059,41.7077,4.8272,0.4314,6.2950,0.8808,0.6779,0.6886,0.6635,0.5917,3.8836,1.1650,0.7491,2.6674,0.6732,1.8335,0.3792,1.2390,
3340.1446,1.0010,5.4635,23.0600,61.3301,41.9600,5.2596,0.4845,6.5384,0.9763,0.7083,0.6486,0.5659,3.8828,1.1324,0.7207,2.6582,0.6609,1.8336,0.3774,1.2427,
3351.2785,1.0228,0.7160,0.5067,0.3615,0.2589,0.1862,0.9515,5.1718,21.8638,59.8598,44.2433,5.9596,0.5411,6.6011,0.9827,0.6996,0.6303,0.5429,3.8828,1.1074,0.6996,2.6536,0.6529,1.8356,0.3769,1.2470,
3360.1978,0.1475,0.7207,3.7538,15.1933,45.2061,56.3115,16.6867,2.0035,0.1319,0.1257,6.9227,0.9296,0.5387,3.8851,1.0593,0.6569,2.6362,0.6325,1.8316,0.3725,1.2498,
3370.5518,0.4287,0.2908,0.1992,0.1376,0.6421,3.1771,11.7519,30.1330,39.0508,25.7161,16.6785,9.8970,3.1788,0.5294,0.1432,0.2622,0.2498,6.9870,0.8850,0.4849,3.8747,1.0012,0.6086,2.6162,0.6099,1.8263,0.3672,1.2522,
3380.3399,0.3279,0.2327,0.1653,0.8142,4.4050,18.8881,55.9802,49.7744,7.8364,0.6851,6.6595,0.9665,0.6796,0.6183,0.5398,3.9006,1.1240,0.7227,2.6912,0.6780,1.8666,0.3912,1.2667,
3390.1437,0.7846,0.5183,0.3474,0.2353,0.1606,0.1105,0.5077,2.5308,9.6453,26.7747,39.3570,28.1606,17.6003,11.2587,4.0171,0.7791,0.0886,0.2571,0.2558,7.0336,0.8748,0.4717,3.8852,0.9957,0.6075,2.6310,0.6161,1.8415,0.3732,1.2637,
3401.9317,1.2962,0.8529,0.5708,0.3867,0.2648,0.1823,0.1264,0.5866,3.0155,12.1972,37.8935,57.8537,24.3807,3.6646,0.3563,0.1225,7.0727,0.8866,0.4786,3.8946,1.0065,0.6185,2.6451,0.6256,1.8523,0.3783,1.2704,
3412.2792,1.6395,1.1330,0.7922,0.5581,0.3945,0.2798,0.1986,0.1406,0.6779,3.7230,16.6437,53.8655,53.3401,8.4045,0.6352,6.2573,0.6928,0.4839,0.5461,0.6041,0.6249,0.6001,0.5356,3.9165,1.1415,0.7480,2.7304,0.7057,1.8992,0.4069,1.2870,
3420.2178,0.1976,0.1340,0.5927,2.9014,10.7410,27.9754,36.8428,23.3660,14.8310,13.4548,7.3405,2.0630,0.2311,0.2052,0.2675,7.1353,0.8440,0.4323,3.8947,0.9650,0.5864,2.6420,0.6148,1.8589,0.3788,1.2797,
3431.2541,1.9499,1.3522,0.9474,0.6675,0.4720,0.3343,0.2362,0.1672,0.1178,0.5569,3.0701,14.0291,49.2575,58.3756,10.7099,0.7227,6.0316,0.4179,2.6923,0.4498,0.5827,0.8519,1.1345,1.3162,1.2931,1.0707,0.7652,0.4927,2.6013,0.5753,1.8452,0.3682,1.2797,
3440.3156,0.3535,0.2469,0.1723,0.7979,4.3184,18.7954,56.5472,49.1464,7.1607,0.5845,6.4794,0.8051,0.5713,0.5958,0.6025,0.5695,0.5026,3.9273,1.1132,0.7278,2.7413,0.7054,1.9175,0.4134,1.3035,
3451.0277,0.7663,0.5110,0.3438,0.2335,0.1590,0.7035,3.6032,14.6011,44.2878,56.8654,16.9676,1.9608,0.1263,7.1520,0.9102,0.5004,3.9343,1.0563,0.6733,2.7157,0.6754,1.9080,0.4052,1.3045,
3460.1756,1.4131,0.9761,0.6784,0.4732,0.3304,0.2308,0.1609,0.1121,0.5105,2.7856,12.7008,45.9155,60.8525,12.9584,0.9069,6.1742,0.4837,2.8551,0.6363,0.8177,1.0891,1.2790,1.2799,1.0829,0.7903,0.5178,2.6380,0.5980,1.8745,0.3815,1.2990,
3470.2216,0.1989,0.1334,0.5666,2.7989,10.7954,31.4409,50.5372,32.4528,9.3077,1.7186,0.0957,0.2114,0.2415,7.1646,0.8683,0.4604,3.9378,1.0190,0.6427,2.7128,0.6646,1.9144,0.4058,1.3139,
3481.2357,0.8540,0.5903,0.4087,0.2835,0.1960,0.1358,0.6053,3.2897,14.8290,50.4801,56.5617,9.9937,0.7012,6.1965,0.4757,2.8518,0.5984,0.7655,1.0341,1.2413,1.2772,1.1131,0.8345,0.5581,2.6757,0.6269,1.9011,0.3952,1.3139,
3493.5258,2.4754,1.6756,1.1477,0.7916,0.5475,0.3788,0.2624,0.1811,0.1250,0.5521,3.0020,13.6499,48.1628,58.8104,11.2822,0.7598,6.1051,0.3455,2.5513,
3503.0471,2.1385,1.4424,0.9825,0.6735,0.4628,0.3183,0.2189,0.1504,0.6562,3.5506,15.8895,52.4130,54.2870,8.8702,0.6268,6.2246,0.4640,2.8372,0.5437,0.6913,0.9543,1.1841,1.2702,1.1577,0.9038,0.6236,2.7289,0.6723,1.9366,0.4152,1.3316,
3510.2081,0.1422,0.6081,3.2308,14.2025,47.9022,57.9457,12.0860,0.9718,6.6797,0.7984,0.5316,0.5480,0.5550,0.5289,3.9478,1.2136,0.8645,0.5823,2.7115,0.6496,1.9307,0.4092,1.3336,
3520.0848,0.4599,2.2305,8.5118,24.6688,40.5539,32.9103,18.8455,8.6706,2.3600,0.2947,0.1907,0.2648,0.2442,7.2219,0.8697,0.4620,3.9690,1.0442,0.6771,2.7712,0.7049,1.9657,0.4310,1.3475,
3530.6512,0.5691,0.3709,0.2431,0.1607,0.6528,3.2527,12.9561,39.5846,57.2856,21.7167,2.9663,0.2468,0.1298,7.2444,0.8811,0.4714,3.9758,1.0601,0.6951,2.7898,0.7207,1.9802,0.4390,1.3556,
3540.0101,0.1205,0.6371,2.9401,13.2791,46.9963,59.2870,12.0195,0.8301,6.2344,0.3610,2.6102,
3551.0320,0.7142,0.4822,0.3261,0.2198,0.1483,0.0996,0.4124,2.2017,10.0307,38.5802,64.4310,18.8390,1.3913,6.3231,0.3907,2.6750,0.2048,1.6451,0.4956,0.8034,1.2673,1.7128,1.8607,1.5713,1.0551,0.6047,1.9473,0.4160,1.3548,
3561.4169,0.9983,0.6514,0.4279,0.2827,0.1870,0.1239,0.5005,2.5884,11.1841,39.4575,62.0213,19.5494,1.8441,7.1694,0.9200,0.5628,0.5073,3.9640,1.2000,0.8689,0.5973,2.7575,0.6766,1.9747,0.4296,1.3652,
3570.7167,0.5097,0.3365,0.2227,0.1476,0.5928,3.0815,13.3413,45.1992,59.1509,14.1718,1.2082,6.9499,0.8477,0.5353,0.5210,0.5018,3.9585,1.2121,0.8917,0.6210,2.7789,0.6953,1.9906,0.4388,1.3738,
3580.1169,0.1488,0.0956,0.3669,1.7585,6.7551,20.2930,35.3122,28.7948,16.3697,14.0878,10.5083,3.9858,0.8097,0.0786,0.2581,0.2611,7.3660,0.8454,0.4240,3.9986,1.0204,0.6666,2.8095,0.7216,2.0107,0.4507,1.3836,
3590.0072,0.1549,0.7595,3.1074,11.1082,27.9791,36.6265,24.5913,16.3296,12.1088,5.0762,1.1644,0.0056,0.2451,0.2646,7.4004,0.8380,4.0451,1.0993,0.7463,0.4956,2.7210,0.6250,1.9653,0.4171,1.3733,
3600.5766,0.4586,0.2888,0.1830,0.1167,0.4409,2.1050,8.0560,24.0650,42.6798,36.6754,17.7942,5.7461,1.1624,0.0041,0.2395,0.2553,7.3997,0.8438,0.4202,4.0093,1.0231,0.6737,2.8285,0.7344,2.0297,0.4603,1.3970,
3610.0399,0.1151,0.4407,2.2089,9.2633,32.5600,60.8254,28.3924,3.5837,0.3132,7.3524,0.8984,0.4887,4.0061,1.1267,0.7922,0.5391,2.7603,0.6580,1.9945,0.4336,1.3896,
3621.5444,1.2115,0.7468,0.4644,0.2914,0.1844,0.1170,0.4372,2.1014,8.2148,25.8191,49.1796,38.6140,11.7641,2.1371,0.1693,0.1950,0.2373,7.4204,0.8474,0.4231,4.0196,1.0349,0.6905,2.8534,0.7544,2.0528,0.4729,1.4118,
3630.3201,0.4159,0.2666,0.1712,0.1102,0.4165,2.0982,8.9409,32.4038,61.8688,27.8811,3.2184,0.2817,7.2387,0.8900,0.5111,3.9784,1.1963,0.8998,0.6442,2.8368,0.7341,2.0477,0.4676,1.4139,
3640.4083,0.3976,0.2587,0.1685,0.1091,0.4155,2.1602,9.6834,36.9667,64.0182,20.5055,1.6379,6.6280,0.4804,2.9240,0.4299,0.5071,0.7179,0.9452,1.1117,1.1398,1.0098,0.7825,0.5461,2.7867,0.6747,2.0211,0.4466,1.4091,
3650.6454,0.7709,0.4964,0.3202,0.2064,0.1332,0.0858,0.3219,1.6523,7.3534,29.2084,63.5745,30.4926,3.0564,7.0181,0.7020,0.3729,0.3980,0.4383,0.4623,0.4626,3.9568,1.2059,0.9339,0.6859,2.8771,0.7725,2.0811,0.4879,1.4323,
3660.4599,0.6221,0.4009,0.2586,0.1664,0.1070,0.3997,2.0595,9.1702,35.1389,64.0638,22.6470,1.9312,6.8053,0.5806,3.1616,0.7143,0.8433,1.0361,1.1310,1.0716,0.8830,0.6466,2.8609,0.7501,2.0745,0.4813,1.4338,
3670.0429,0.2842,1.3399,5.2046,16.5462,32.8889,31.5404,18.3139,14.3443,11.6162,5.0002,1.1685,0.0112,0.2430,0.2642,7.5436,0.8280,4.0803,1.0872,0.7565,0.5180,2.7911,0.6646,2.0332,0.4492,1.4238,
3681.8656,1.1494,0.6937,0.4221,0.2590,0.1599,0.0992,0.3535,1.6650,6.4439,20.2800,40.2820,39.8346,20.6737,6.9733,1.5039,0.0747,0.2246,0.2556,7.5524,0.8302,4.0827,1.0919,0.7654,0.5277,2.8037,0.6742,2.0442,0.4552,1.4310,
3692.4837,1.7642,1.1092,0.7010,0.4444,0.2821,0.1791,0.1136,0.4125,2.0924,9.1671,34.4917,63.3796,23.7751,2.2025,7.1025,0.7310,0.3897,0.4042,0.4316,3.8524,1.2166,1.0479,0.8486,0.6183,2.8649,0.7414,2.0874,0.4848,1.4491,
3700.3477,0.4319,0.2638,0.1620,0.1001,0.3521,1.6586,6.4778,20.9079,43.5201,42.5614,17.6215,4.1467,0.6186,0.1172,0.2420,0.2347,7.5232,0.8439,4.0747,1.1237,0.8159,0.5785,2.8472,0.7151,2.0785,0.4762,1.4497,
3710.3590,0.2696,0.1645,0.1011,0.3520,1.6389,6.2892,19.5580,38.1733,37.8638,21.8960,9.3115,2.4804,0.3246,0.1796,0.2597,0.2420,7.5472,0.8404,4.0804,1.1170,0.8107,0.5757,2.8526,0.7169,2.0853,0.4793,1.4557,
3721.1350,0.7316,0.4458,0.2731,0.1679,0.1038,0.3625,1.7365,7.0428,24.4780,53.6901,40.4814,8.4102,0.9787,0.0305,0.1734,7.5285,0.8503,0.4219,4.0552,1.0731,0.7632,0.5343,2.8357,0.6924,2.0776,0.4715,1.4567,
3731.7106,1.7344,1.0857,0.6810,0.4278,0.2687,0.1684,0.1054,0.3724,1.8802,8.3027,32.1762,63.6548,26.1045,2.4144,7.0068,0.5890,3.2058,0.6610,0.7655,0.9520,1.0656,1.0455,0.8969,0.6836,2.9335,0.8084,0.4385,1.9655,0.3906,1.4244,
3740.1515,0.0973,0.3358,1.6043,6.5309,23.0575,52.7239,42.4877,9.1730,1.0680,0.0151,0.1677,7.5561,0.8481,0.4174,4.0607,1.0739,0.7717,0.5461,2.8562,0.7074,2.0975,0.4823,1.4707,
3750.5615,0.4977,0.3001,0.1815,0.1106,0.3768,1.7651,6.9512,22.9856,48.8826,42.1789,12.0676,1.8972,0.1105,0.1895,0.2187,7.6054,0.8388,4.0886,1.1134,0.8242,0.5982,2.8938,0.7480,2.1263,0.5022,1.4843,
3760.8648,0.5894,0.3611,0.2218,0.1362,0.0838,0.2873,1.4070,6.0293,23.4318,57.8313,40.4163,5.9226,0.5317,7.3976,0.8363,0.4450,3.9399,1.1658,0.9685,0.7710,0.5591,2.8784,0.7256,2.1196,0.4949,1.4856,
3771.0407,1.2992,0.8045,0.4980,0.3086,0.1907,0.1177,0.0726,0.2485,1.2379,5.4787,22.5867,59.2429,40.5296,5.0772,7.2613,0.5823,3.1580,0.5368,0.6128,0.8045,0.9711,1.0429,0.9831,0.8160,0.6083,2.9148,0.7663,2.1488,0.5153,1.4996,
3780.7301,1.3490,0.8070,0.4840,0.2916,0.1763,0.1068,0.3595,1.7093,6.9922,24.8923,55.4692,39.2346,7.0532,0.7249,0.0432,7.6397,0.8475,0.4068,4.0715,1.0713,0.7836,0.5660,2.8954,0.7359,2.1370,0.5041,1.4989,
3791.0191,0.6098,0.3611,0.2151,0.1286,0.0772,0.2570,1.1972,4.7734,16.6154,40.8521,48.5755,20.2558,3.9895,0.4986,0.1307,0.2257,7.7370,0.8239,4.1218,1.0746,0.7832,0.5667,2.9024,0.7398,2.1450,0.5083,1.5055,
3800.3651,0.2270,0.1345,0.0801,0.2640,1.2055,4.6565,15.1394,32.8209,37.3718,24.7520,14.1346,5.4893,1.2552,0.0346,0.2319,0.2573,0.2289,7.6754,0.8330,4.0985,1.1020,0.8330,0.6203,2.9413,0.7849,2.1771,0.5312,1.5208,
3810.1783,0.1582,0.0952,0.3167,1.5324,6.5206,24.9832,58.8042,37.5958,5.1803,0.4641,7.4499,0.8133,0.4142,3.9199,1.1326,0.9719,0.8056,0.6059,2.9403,0.7798,2.1799,0.5316,1.5255,
3820.0115,0.0524,0.2533,1.1081,4.8641,20.1292,56.1911,44.9505,6.5194,0.5358,7.0384,0.5681,3.2415,0.5694,0.6388,0.8169,0.9590,1.0030,0.9249,0.7568,0.5610,2.9204,0.7496,2.1682,0.5203,1.5247,
3831.0928,0.7577,0.4571,0.2760,0.1664,0.0997,0.3290,1.6050,6.9474,27.1122,61.2008,33.3399,3.8136,7.5078,0.7129,3.5173,0.8560,0.9116,0.9931,0.9653,0.8305,0.6413,2.9754,0.8177,0.4547,2.0307,0.4162,1.4805,
3840.2525,0.4259,0.2570,0.1550,0.0932,0.3053,1.4972,6.5723,26.3414,61.5401,33.9239,3.6903,7.2323,0.5068,3.0269,0.2397,1.8530,0.5058,0.7577,1.1316,1.4771,1.6017,1.4055,1.0126,0.6305,2.1343,0.4946,1.5219,
3850.0502,
3861.5578,1.0103,0.6003,0.3569,0.2122,0.1259,0.0746,0.2410,1.1549,4.9500,19.7871,54.2168,46.0634,7.6973,0.6809,7.4558,0.7630,0.3606,3.8136,1.0602,0.9842,0.8942,0.7305,0.5435,2.9367,0.7510,2.1919,0.5309,1.5479,
3870.9931,0.6415,0.3776,0.2222,0.1309,0.0772,0.2469,1.1639,4.8848,18.9115,51.3924,48.0515,9.6357,0.9286,7.7893,0.8490,0.3946,4.0355,1.0852,0.8713,0.6893,0.5039,2.9205,0.7243,2.1821,0.5209,1.5475,
3880.6096,0.3674,0.2147,0.1258,0.0741,0.2345,1.0956,4.5493,17.4090,48.2057,50.5715,12.0329,1.2585,0.0480,7.7415,0.8332,4.0530,1.0921,0.8958,0.7258,0.5410,2.9482,0.7558,2.2062,0.5382,1.5604,
3890.2138,0.1534,0.0903,0.2871,1.3823,5.9971,24.0010,59.3879,37.8481,4.7060,7.5466,0.6136,3.2844,0.5126,0.5544,0.7192,0.8694,0.9479,0.9195,0.7937,0.6182,3.0006,0.8238,0.4650,2.0699,0.4324,1.5146,
3901.4861,0.9761,0.5778,0.3416,0.2015,0.1185,0.0698,0.2200,1.0549,4.5966,19.0224,54.4762,46.6342,7.2323,0.5939,7.1456,0.5137,3.1346,0.2992,0.2735,0.3889,0.5435,0.7142,0.8632,0.9406,0.9126,0.7885,0.6153,3.0053,0.8256,0.4673,2.0768,0.4352,1.5204,
3910.1265,1.1855,0.6933,0.4053,0.2366,0.1382,0.0806,0.2524,1.1919,5.0694,20.0823,54.2392,45.3320,7.5637,0.6754,7.5527,0.7551,3.7569,0.9581,0.9366,0.9241,0.8195,0.6550,3.0359,0.8661,0.4971,2.0984,0.4499,1.5317,
3920.3145,0.3956,0.2289,0.1324,0.0765,0.2383,1.1059,4.5973,17.7037,49.1071,49.8768,11.1330,1.1166,0.0445,7.7369,0.8171,4.0066,1.0636,0.9136,0.7801,0.6089,3.0141,0.8278,0.4708,2.0898,0.4408,1.5320,
3930.1148,0.0694,0.2149,0.9724,3.9020,14.2327,39.2133,52.5666,20.8976,3.2830,0.3114,0.1348,0.1897,7.8895,0.8212,4.1247,1.0523,0.8311,0.6591,3.0500,0.8762,0.5066,2.1147,0.4582,1.5445,
3940.6558,0.3874,0.2247,0.1299,0.0754,0.2319,1.0916,4.6749,18.8918,53.2711,47.0793,7.9639,0.6918,7.4536,0.6683,3.5411,0.7365,0.7754,0.8827,0.9132,0.8442,0.7010,0.5316,2.9817,0.7709,2.2495,0.5610,1.5987,
3950.0653,1.0629,0.6106,0.3503,0.2010,0.1151,0.0660,0.2024,0.9352,3.9120,15.4357,45.9550,53.4147,13.2756,1.3193,0.0825,7.7186,0.7962,3.9433,1.0209,0.9178,0.8283,0.6796,0.5119,2.9766,0.7585,2.2476,0.5575,1.6015,
3960.0027,0.3317,0.1905,0.1093,0.0628,0.1915,0.8918,3.7993,15.4871,47.5525,53.2595,11.6301,1.0419,7.6059,0.7139,3.6568,0.8201,0.8359,0.8984,0.8744,0.7632,0.6042,3.0365,0.8412,0.4847,2.1196,0.4550,1.5564,
3971.1619,0.7162,0.4116,0.2362,0.1349,0.0774,0.2349,1.0968,4.6793,18.8458,53.0385,47.0322,8.0321,0.7022,7.5105,0.6637,3.5416,0.6967,0.7300,0.8444,0.8935,0.8476,0.7224,0.5610,3.0175,0.8069,0.4612,2.1124,0.4469,1.5568,
3980.0090,0.1262,0.5547,2.1660,7.6520,20.8705,33.5082,27.4791,17.3857,14.1368,8.5301,2.8033,0.4855,0.1309,0.2478,0.2403,8.0567,0.8112,4.1837,1.0120,0.7761,0.6076,3.0498,0.8494,0.4927,2.1350,0.4626,1.5688,
3990.2386,0.1881,0.1051,0.0588,0.1763,0.7725,3.0058,10.4850,27.7742,43.3853,32.8366,13.1850,3.3584,0.5184,0.1233,0.2357,0.2274,8.0469,0.8132,4.1728,1.0138,0.7895,0.6272,3.0676,0.8728,0.5112,2.1506,0.4731,1.5782,
4002.7775,1.9384,1.1122,0.6364,0.3632,0.2064,0.1172,0.0663,0.1990,0.9259,3.9793,16.4515,50.0167,51.0896,9.6349,0.8111,7.3867,0.5283,3.1959,0.2221,1.8917,0.3854,0.5529,0.8493,1.1843,1.4295,1.4396,1.1967,0.8416,0.5261,2.1670,0.4855,1.5890,
4010.6619,0.3938,0.2200,0.1227,0.0689,0.2048,0.9146,3.6998,13.9038,40.3579,54.1311,18.7990,2.4213,0.1806,0.1157,8.0012,0.8161,4.1194,1.0135,0.8307,0.6937,0.5371,3.0280,0.8005,0.4606,2.1340,0.4547,1.5782,
4020.2924,0.2673,0.1481,0.0824,0.2442,1.0679,4.1780,14.6687,38.3744,50.3772,21.6697,3.9154,0.4492,0.1204,0.2006,8.1076,0.8132,4.1832,0.9999,0.7827,0.6289,3.0864,0.8886,0.5266,2.1759,0.4866,1.5981,
4030.3300,0.2164,0.1192,0.0655,0.1936,0.8282,3.1375,10.3667,24.4501,30.5118,17.7998,7.2718,4.7910,6.6731,10.8020,11.1477,5.5995,1.5195,0.1342,0.2019,0.2483,0.2257,8.1097,0.8118,4.1810,0.9964,0.7847,0.6352,3.0962,0.9000,0.5367,2.1870,0.4935,1.6060,
4040.5012,0.3112,0.1708,0.0938,0.0518,0.1521,0.6580,2.5634,9.0849,25.2718,43.1349,35.5792,14.4422,3.6093,0.5651,0.1100,0.2291,0.2229,8.1365,0.8114,4.1888,0.9906,0.7785,0.6308,3.0994,0.9000,0.5380,2.1932,0.4964,1.6117,
4050.1128,0.4885,2.0517,8.4887,30.6989,59.9377,28.0514,3.2442,0.2987,7.7338,0.7131,3.7260,0.7716,0.7679,0.8313,0.8240,0.7382,0.6024,3.0897,0.8791,0.5233,2.1906,0.4917,1.6139,
4061.2579,0.7540,0.4143,0.2271,0.1246,0.0681,0.1996,0.8703,3.4507,12.6176,36.0882,53.2504,23.7233,3.8624,0.3964,0.1113,0.1765,8.1149,0.8123,4.1562,0.9846,0.8002,0.6713,0.5244,3.0508,0.8080,0.4711,2.1670,0.4696,1.6073,
4073.6153,2.1370,1.2025,0.6711,0.3725,0.2064,0.1141,0.0628,0.1830,0.8284,3.5011,14.3053,45.2344,54.6465,12.9446,1.1690,7.7198,0.6431,3.5055,0.5175,0.5178,0.6464,0.7619,0.8212,0.8010,0.7069,0.5704,3.0829,0.8559,0.5080,2.1928,0.4889,1.6212,
4080.4539,0.3950,0.2185,0.1203,0.0663,0.1919,0.8703,3.6928,15.1542,47.1805,53.0955,11.3914,0.9964,7.6127,0.5672,3.3120,0.2563,2.0002,0.4683,0.6581,0.9602,1.2539,1.4033,1.3113,1.0266,0.6963,2.3116,0.5910,1.6772,
4091.1270,0.6304,0.3469,0.1902,0.1038,0.0571,0.1645,0.7333,3.0564,12.3359,40.2081,57.2670,17.4322,1.7487,8.0298,0.7593,3.8104,0.7936,0.7694,0.8111,0.7850,0.6901,0.5560,3.0862,0.8500,0.5058,2.2026,0.4922,1.6317,
4101.3741,1.3409,0.7427,0.4094,0.2250,0.1231,0.0673,0.1933,0.8732,3.6999,15.1781,47.2118,52.9332,11.3044,0.9885,7.6265,0.5491,3.2682,
4110.2628,0.1962,0.1057,0.0570,0.1638,0.7052,2.7927,10.3481,31.2300,53.3632,29.4364,5.3869,0.6193,0.0747,0.1709,8.2219,0.8116,4.1815,0.9567,0.7771,0.6602,0.5238,3.0795,0.8262,0.4899,2.2043,0.4889,1.6387,
4120.6835,0.4556,0.2479,0.1341,0.0726,0.2075,0.9174,3.7960,14.9981,45.2718,53.2090,13.1247,1.2799,8.0706,0.7640,3.8552,0.7952,0.7596,0.7924,0.7611,0.6662,0.5362,3.0923,0.8427,0.5036,2.2175,0.4977,1.6475,
4131.0018,0.6788,0.3699,0.2008,0.1087,0.0589,0.1669,0.7444,3.1332,12.8820,42.3210,56.5715,15.0171,1.3745,7.7769,0.5929,3.3789,0.2685,2.0489,0.4877,0.6756,0.9682,1.2415,1.3661,1.2611,0.9820,0.6672,2.3219,0.5892,1.6986,
4141.9811,1.1083,0.6034,0.3268,0.1764,0.0948,0.0510,0.1446,0.6388,2.6635,10.8818,37.0905,58.7481,20.1184,2.0418,8.0246,0.7000,3.6498,0.5804,0.5689,0.6771,0.7576,0.7752,0.7214,0.6134,3.1461,0.9341,0.5791,2.2717,0.5401,1.6777,
4150.0396,0.0440,0.1249,0.5201,1.9895,6.9481,19.2768,33.3020,30.9541,20.5036,13.2782,5.7260,1.4635,0.1232,0.1934,0.2356,0.2136,8.3237,0.8105,4.2187,0.9354,0.7501,0.6365,0.5067,3.0928,0.8248,0.4930,2.2277,0.4990,1.6613,
4160.3577,0.2868,0.1528,0.0810,0.2296,0.9810,3.9010,14.4588,41.2460,52.8862,17.2625,2.1503,0.1582,0.1012,8.2316,0.8049,4.1287,0.9130,0.7770,0.7028,0.5909,3.1441,0.9167,0.5674,2.2759,0.5388,1.6859,
4172.6130,1.4903,0.8069,0.4344,0.2328,0.1243,0.0662,0.1859,0.8197,3.4354,14.0000,44.4860,54.5814,13.1982,1.2024,7.8324,0.5878,3.3776,
4181.1505,0.6657,0.3560,0.1899,0.1008,0.0536,0.1498,0.6550,2.7275,11.1558,37.8904,58.3746,19.0656,1.8878,8.0040,0.6515,3.5308,0.3884,0.3391,0.4406,0.5604,0.6693,0.7390,0.7466,0.6882,0.5822,3.1499,0.9169,0.5706,2.2883,0.5453,1.6980,
4190.9914,0.5907,0.3147,0.1673,0.0885,0.0468,0.1306,0.5697,2.3781,9.8192,34.6769,59.5376,22.2984,2.2752,7.9855,0.6103,3.4084,
4201.2541,0.7889,0.4198,0.2227,0.1176,0.0618,0.1724,0.7514,3.1305,12.7382,41.5927,56.3324,15.5356,1.4701,7.9598,0.6206,3.4629,0.2724,2.0899,0.4734,0.6431,0.9171,1.1784,1.3105,1.2333,0.9845,0.6863,2.3727,0.6202,1.7461,0.3811,1.2554,
4210.0375,0.0890,0.0463,0.1297,0.5362,2.0769,7.5332,22.8574,45.4778,39.7076,12.6865,2.2513,0.2115,0.1535,0.1988,0.1806,8.3684,0.8088,4.1911,0.8942,0.7425,0.6642,0.5562,3.1514,0.8998,0.5603,2.2984,0.5470,1.7120,
4220.1255,0.1006,0.0524,0.1461,0.6007,2.3098,8.2495,24.2111,45.5605,37.7579,12.1132,2.2422,0.2206,0.1542,0.2024,0.1843,8.3988,0.8101,4.2039,0.8905,0.7355,0.6564,0.5491,3.1528,0.8962,0.5586,2.3028,0.5485,1.7171,
4231.2444,0.7329,0.3862,0.2022,0.1058,0.0552,0.1522,0.6568,2.7269,11.1463,37.8779,58.1533,18.8600,1.8608,8.0388,0.6162,3.4417,
4241.0540,0.5852,0.3042,0.1572,0.0810,0.0419,0.1162,0.4755,1.8322,6.6159,20.1462,41.5914,41.7170,16.7059,3.5883,0.5022,0.1042,0.2025,0.1940,8.4734,0.8132,4.2390,0.8846,0.7190,0.6347,0.5271,3.1516,0.8802,0.5479,2.3071,0.5475,1.7253,
4250.8687,0.5493,0.2849,0.1472,0.0758,0.2102,0.8624,3.3335,11.9550,34.1481,52.3565,25.1776,4.3336,0.4823,0.0852,0.1611,8.4696,0.8131,4.2225,0.8743,0.7195,0.6457,0.5445,3.1653,0.9039,0.5693,2.3250,0.5615,1.7370,
4260.2846,0.1628,0.0840,0.0431,0.1189,0.4967,1.9964,7.8338,27.0581,55.8248,33.2643,5.0892,0.5035,8.4467,0.8108,4.1070,0.8193,0.7153,0.6935,0.6285,0.5281,3.1624,0.8903,0.5591,2.3243,0.5584,1.7397,
4270.4746,0.2703,0.1390,0.0714,0.1962,0.8126,3.2116,12.0493,36.5638,54.8357,21.5461,2.8396,0.2535,0.0721,8.4090,0.8022,4.1374,0.8268,0.7125,0.6813,0.6100,0.5077,3.1571,0.8718,0.5447,2.3211,0.5528,1.7411,
4280.0363,0.1328,0.5152,1.9277,6.5805,17.8579,30.0454,26.1390,15.7573,13.1780,12.1559,6.5696,1.9839,0.2928,0.1464,0.2238,0.2104,0.1797,8.5020,0.8120,4.2194,0.8522,0.7064,0.6460,0.5558,3.1853,0.9309,0.5972,2.3576,0.5848,1.7623,0.3810,1.2831,
4290.9812,0.5792,0.2980,0.1523,0.0775,0.2127,0.8808,3.5059,13.2812,39.8958,54.1783,17.7410,2.0738,0.1740,8.4411,0.8009,4.1029,0.7899,0.6911,0.6825,0.6316,0.5420,3.1835,0.9195,0.5886,2.3577,0.5824,1.7653,0.3817,1.2870,
4301.8275,0.9712,0.5015,0.2569,0.1312,0.0666,0.1814,0.7633,3.1222,12.4508,40.1564,55.9882,16.7452,1.6959,8.2920,0.6966,3.6801,0.3965,0.3253,0.4113,0.5134,0.6054,0.6652,0.6753,0.6314,0.5463,3.1900,0.9296,0.5990,2.3693,0.5909,1.7743,0.3864,1.2926,
4310.2357,0.1631,0.0829,0.0418,0.1141,0.4719,1.8981,7.5107,26.4821,56.0546,33.5970,4.9796,0.4925,8.4227,0.7819,4.0059,0.7036,0.6323,0.6685,0.6651,0.6117,0.5219,3.1832,0.9041,0.5780,2.3618,0.5813,1.7735,0.3844,1.2951,
4320.7391,0.5981,0.3052,0.1543,0.0773,0.0389,0.1071,0.4215,1.5803,5.4705,15.5163,28.5572,27.4874,16.6581,12.8673,12.7174,8.0717,2.7955,0.5444,0.0844,0.2137,0.2128,0.1841,8.6005,0.8170,4.2539,0.8344,0.6834,0.6258,0.5411,3.1964,0.9312,0.6035,2.3825,0.5988,1.7873,0.3925,1.3023,
4330.4014,0.3305,0.1666,0.0832,0.0420,0.1147,0.4549,1.7294,6.1732,18.7142,39.2623,42.0749,18.8347,4.4627,0.7168,0.0548,0.1917,0.1919,8.6675,0.8210,4.2935,0.8382,0.6731,0.6046,0.5146,3.1889,0.9027,0.5795,2.3732,0.5871,1.7854,0.3898,1.3045,
4340.9100,0.4691,0.2371,0.1193,0.0600,0.1616,0.6724,2.7465,11.0437,37.0474,57.4290,19.5254,2.0324,8.3306,0.6654,3.5803,
4350.7702,0.4018,0.2019,0.1013,0.0505,0.1365,0.5630,2.2840,9.1541,31.8472,58.0899,25.5511,3.0066,8.5503,0.7347,3.7451,0.4013,0.3209,0.4011,0.4961,0.5813,0.6366,0.6463,0.6070,0.5289,3.2042,0.9304,0.6077,2.4008,0.6091,1.8059,0.4013,1.3167,
4360.0300,0.0322,0.1268,0.4875,1.8103,6.1771,17.0781,30.4682,29.7832,20.3331,14.7881,8.2165,2.6772,0.4979,0.0917,0.2095,0.2065,0.1779,8.6706,0.8203,4.2661,0.8094,0.6624,0.6158,0.5421,3.2137,0.9514,0.6290,2.4191,0.6250,1.8190,0.4089,1.3239,
4370.8116,0.4681,0.2342,0.1166,0.0579,0.1560,0.6348,2.5328,9.8686,32.7686,56.8380,24.8723,3.1274,0.3082,8.4897,0.7755,4.0020,0.6348,0.5607,0.6130,0.6376,0.6159,0.5522,3.2215,0.9718,0.6506,2.4379,0.6417,1.8324,0.4171,1.3311,
4380.9140,0.4963,0.2487,0.1232,0.0607,0.0302,0.0820,0.3179,1.1963,4.2345,12.8592,27.6579,34.2337,25.6619,16.0628,7.4820,2.1587,0.3356,0.1265,0.2096,0.1986,0.1695,8.6909,0.8207,4.2599,0.7918,0.6512,0.6144,0.5495,3.2244,0.9724,0.6528,2.4445,0.6460,1.8392,0.4205,1.3362,
4390.3440,0.2138,0.1057,0.0521,0.1399,0.5696,2.2969,9.1525,31.6692,57.7433,25.6881,3.0774,8.6539,0.7492,3.7850,0.3925,0.3022,0.3761,0.4662,0.5495,0.6077,0.6256,0.5973,0.5302,3.2208,0.9506,0.6335,2.4376,0.6362,1.8381,0.4184,1.3386,
4400.0682,0.0710,0.0348,0.0946,0.3702,1.4164,5.2019,16.9809,40.4595,46.3507,17.5375,3.0402,0.3385,0.1071,0.1661,8.7959,0.8292,4.3191,0.7987,0.6395,0.5885,0.5156,3.2190,0.9341,0.6192,2.4338,0.6297,1.8390,0.4175,1.3417,
4410.6837,0.8807,0.4414,0.2179,0.1071,0.0523,0.1411,0.5632,2.2278,8.6203,29.0977,55.9360,29.6397,4.2359,0.4288,8.6519,0.8037,4.0962,0.6664,0.5749,0.6080,0.6122,0.5743,0.5025,3.2180,0.9224,0.6098,2.4331,0.6264,1.8415,0.4179,1.3453,
4420.2573,0.4262,0.2094,0.1028,0.0499,0.1347,0.5359,2.1181,8.2070,27.9689,55.6146,31.1562,4.5989,0.4691,8.6739,0.8051,4.0977,0.6572,0.5649,0.6002,0.6080,0.5741,0.5057,3.2231,0.9310,0.6195,2.4443,0.6355,1.8508,0.4232,1.3513,
4430.2917,0.1556,0.0757,0.0367,0.1002,0.3835,1.4363,5.0777,15.4575,33.7481,41.5405,24.4300,7.7677,1.6576,0.1626,0.1526,0.1945,0.1759,8.8266,0.8308,4.3157,0.7761,0.6242,0.5855,0.5235,3.2329,0.9594,0.6494,2.4683,0.6580,1.8677,0.4339,1.3598,
4441.6111,1.1150,0.5511,0.2696,0.1311,0.0638,0.0309,0.0825,0.3292,1.3203,5.3221,20.1731,52.0864,42.5918,7.4724,0.7426,8.4227,0.6798,3.6711,
4452.8286,1.4604,0.7243,0.3542,0.1723,0.0831,0.0404,0.1074,0.4285,1.7197,6.9015,25.2452,56.0556,34.2626,4.8588,8.8559,0.7385,3.6900,
4460.0375,0.0323,0.0884,0.3356,1.2567,4.4644,13.8601,31.6757,42.0028,26.7146,8.9171,1.9680,0.2348,0.1360,0.1908,0.1752,8.8937,0.8360,4.3377,0.7627,0.6080,0.5723,0.5149,3.2402,0.9615,0.6573,2.4887,0.6722,1.8888,0.4452,1.3756,
4470.4214,0.2385,0.1150,0.0551,0.1494,0.5735,2.1865,7.9767,25.1430,50.3796,35.9032,7.6630,0.9573,0.0124,0.1215,8.8731,0.8346,4.3034,0.7400,0.5986,0.5783,0.5343,3.2473,0.9984,0.6990,2.5209,0.7052,1.9121,0.4610,1.3866,
4480.7522,0.3940,0.1898,0.0908,0.0435,0.1166,0.4558,1.7951,6.9904,24.5913,54.1168,35.7537,5.8092,0.6050,8.7526,0.8001,4.0642,0.5645,0.4697,0.5244,0.5669,0.5749,0.5445,3.2499,1.0257,0.7326,0.5035,2.4074,0.5832,1.8477,0.4123,1.3669,
4490.0379,0.0477,0.1312,0.4850,1.7609,5.8630,15.7816,27.0750,23.4452,10.7294,3.8401,1.5348,0.8645,0.9117,1.6242,3.4483,7.0447,11.0564,9.9049,4.5283,1.2054,0.1075,0.1630,0.2005,0.1807,0.1519,8.8845,0.8339,4.2960,0.7200,0.5830,0.5721,0.5375,3.2514,1.0176,0.7255,0.4988,2.4096,0.5827,1.8516,0.4136,1.3710,
4500.0731,0.0492,0.1353,0.5008,1.8306,6.1930,17.3166,32.7626,35.4970,23.0554,10.3182,3.0409,0.5674,0.0621,0.1873,0.1874,0.1615,8.9355,0.8393,4.3290,0.7284,0.5826,0.5635,0.5226,3.2522,0.9961,0.7033,2.5392,0.7183,1.9328,0.4723,1.4025,
4510.2032,0.1648,0.0784,0.0373,0.1018,0.3771,1.3874,4.7861,14.0604,29.1661,35.4236,25.8578,13.7765,4.9596,1.1652,0.0835,0.1635,0.1932,0.1726,8.9936,0.8447,4.3662,0.7372,0.5810,0.5527,0.5048,3.2520,0.9712,0.6777,2.5274,0.7023,1.9277,0.4672,1.4035,
4520.5644,0.3251,0.1563,0.0741,0.0350,0.0960,0.3540,1.2952,4.4299,12.8057,25.5024,27.7846,17.6974,12.3092,12.6679,10.2670,4.5710,1.2094,0.1112,0.1589,0.1967,0.1774,0.1488,8.9432,0.8391,4.3119,0.7033,0.5646,0.5577,0.5292,3.2549,1.0225,0.7396,0.5154,2.4343,0.6001,1.8740,0.4256,1.3871,
4530.5280,0.2962,0.1406,0.0661,0.0311,0.0837,0.3188,1.2286,4.6696,16.5192,43.6602,48.2597,13.6811,1.6824,0.1371,8.9856,0.8462,4.2947,0.6847,0.5509,0.5533,0.5342,0.4856,3.2536,0.9519,0.6610,2.5265,0.6960,1.9328,0.4682,1.4109,
4542.0909,1.1985,0.5786,0.2748,0.1291,0.0608,0.0283,0.0757,0.2917,1.1473,4.5305,17.0326,47.0130,47.5983,10.6914,1.1209,8.7924,0.7691,3.9190,0.3463,2.4021,0.5581,0.6844,0.8841,1.0348,1.0675,0.9619,0.7640,0.5486,2.4650,0.6281,1.8983,0.4408,1.4012,
4550.7012,0.3414,0.1609,0.0754,0.0354,0.0947,0.3595,1.3941,5.3573,19.1066,48.1949,44.3190,9.8657,1.0985,9.0703,0.8552,4.2256,0.6192,0.4997,0.5281,0.5402,0.5201,3.2569,1.0266,0.7537,0.5329,2.4596,0.6187,1.8971,0.4384,1.4035,
4560.6145,0.3186,0.1509,0.0706,0.0332,0.0901,0.3319,1.2340,4.3984,13.9835,33.6873,45.4246,24.4724,5.9314,0.9800,0.0182,0.1532,0.1628,0.1412,9.0174,0.8463,4.3295,0.6792,0.5384,0.5379,0.5186,3.2570,1.0303,0.7615,0.5418,2.4699,0.6270,1.9061,0.4437,1.4095,
4570.7368,0.4266,0.2023,0.0946,0.0442,0.1200,0.4436,1.6629,6.0001,19.2366,43.7921,43.4760,13.3490,2.0153,0.1797,0.1046,0.1344,9.0599,0.8515,4.3536,0.6841,0.5379,0.5327,0.5095,3.2598,1.0170,0.7474,0.5303,2.4678,0.6219,1.9074,0.4432,1.4128,
4580.0805,0.0588,0.0273,0.0751,0.2722,0.9943,3.4331,10.2976,22.3766,27.3380,17.1840,8.1349,6.1724,8.5287,11.5365,9.2666,3.9278,0.9953,0.0630,0.1616,0.1887,0.1680,0.1402,9.0541,0.8501,4.3387,0.6674,0.5253,0.5276,0.5125,3.2569,1.0329,0.7719,0.5550,2.4879,0.6411,1.9226,0.4533,1.4210,
4590.8727,0.4817,0.2257,0.1043,0.0483,0.1297,0.4873,1.8839,7.1818,24.6264,53.0395,35.4019,6.0607,0.6585,9.0450,0.8431,4.2007,0.5602,0.4394,0.4801,0.5128,0.5178,0.4919,3.2640,0.9951,0.7251,0.5130,2.4671,0.6155,1.9122,0.4438,1.4198,
4601.4043,0.7147,0.3338,0.1545,0.0710,0.0325,0.0873,0.3292,1.2861,5.0379,18.6286,48.8451,44.6479,9.2254,0.9794,8.9019,0.7841,3.9637,0.3185,2.3719,0.4579,0.5529,0.7426,0.9223,1.0257,1.0048,0.8654,0.6654,2.5691,0.7302,1.9835,0.4976,1.4496,
4610.6178,0.3458,0.1589,0.0730,0.0336,0.0894,0.3365,1.3173,5.1850,19.2562,49.8855,43.4735,8.4715,0.8917,8.8457,0.7567,3.8760,
4620.2690,0.1530,0.0703,0.0320,0.0872,0.3201,1.2126,4.5099,15.5783,40.9848,48.6631,15.9141,2.1759,0.2047,0.0671,9.1344,0.8597,4.3522,0.6406,0.4966,0.5052,0.4999,3.2528,1.0397,0.7974,0.5877,2.5276,0.6751,1.9592,0.4756,1.4458,
4630.1693,0.0864,0.0396,0.1089,0.3915,1.4450,5.1117,16.0909,37.6370,45.2417,19.5113,3.8569,0.5306,0.0556,0.1461,0.1406,9.1864,0.8656,4.3977,0.6586,0.5050,0.5030,0.4875,3.2631,1.0127,0.7613,0.5534,2.5111,0.6531,1.9506,0.4675,1.4452,
4640.0608,0.0632,0.0289,0.0797,0.2851,1.0501,3.7157,11.8615,29.5485,44.2894,28.9691,8.4057,1.5919,0.1516,0.1268,0.1605,0.1434,9.2079,0.8681,4.4059,0.6550,0.4998,0.4981,0.4835,3.2635,1.0112,0.7624,0.5565,2.5177,0.6580,1.9577,0.4714,1.4506,
4650.4337,0.2416,0.1095,0.0494,0.0224,0.0601,0.2226,0.8634,3.3818,12.9146,39.6442,53.1874,16.3966,1.8392,9.0473,0.7904,3.9258,
4660.1365,0.0678,0.0306,0.0849,0.3020,1.1120,3.9392,12.6173,31.4853,45.6651,26.6731,6.6686,1.1203,0.0549,0.1356,0.1503,0.1308,9.2153,0.8691,4.3892,0.6285,0.4773,0.4852,0.4820,3.2538,1.0286,0.7974,0.5960,2.5521,0.6927,1.9865,0.4913,1.4673,
4670.7953,0.3997,0.1813,0.0816,0.0367,0.0994,0.3638,1.4021,5.3975,19.4375,48.9452,43.0696,8.9570,0.9863,9.1362,0.8378,4.1282,0.4052,2.5863,0.6599,0.7662,0.9164,0.9884,0.9435,0.7983,0.6087,2.5658,0.7073,1.9996,0.5003,1.4753,
4680.3765,0.1810,0.0821,0.0370,0.1025,0.3632,1.3402,4.7765,15.3913,37.5773,46.5590,19.3799,3.5140,0.4445,0.0596,0.1314,0.1237,9.2501,0.8735,4.3966,0.6157,0.4630,0.4734,0.4745,3.2496,1.0290,0.8082,0.6118,2.5718,0.7109,2.0060,0.5039,1.4805,
4690.9244,0.4585,0.2099,0.0946,0.0423,0.1163,0.4176,1.5697,5.7873,19.4868,46.3976,43.0377,10.7480,1.3479,0.1051,9.3190,0.8850,4.4117,0.6159,0.4603,0.4694,0.4696,3.2517,1.0233,0.8032,0.6086,2.5744,0.7114,2.0105,0.5061,1.4851,
4700.7664,0.3674,0.1650,0.0735,0.0326,0.0887,0.3222,1.2379,4.7660,17.3922,46.3778,46.2151,10.7708,1.2009,9.2011,0.8436,4.1231,0.3643,2.5148,0.5460,0.6396,0.8082,0.9358,0.9677,0.8865,0.7245,0.5388,2.5361,0.6629,1.9858,0.4846,1.4778,
4710.2098,0.5009,0.2419,0.1109,0.0499,0.0223,0.0630,0.2175,0.7845,2.6968,8.2475,19.2201,26.7229,18.8402,7.8753,2.8818,1.1834,0.6472,0.6308,1.0743,2.2726,4.8601,9.0061,11.2952,7.5731,2.7880,0.6245,0.0162,0.1606,0.1694,0.1468,9.3736,0.8890,4.4738,0.6356,0.4678,0.4648,3.2277,1.0373,0.8453,0.6622,2.6190,0.7626,2.0505,0.5359,1.5071,
4720.2392,0.1141,0.0506,0.1395,0.4971,1.8746,6.9344,23.1042,50.3712,37.3695,7.4359,0.8716,0.0566,9.2785,0.8761,4.3466,0.5440,0.3949,0.4233,0.4501,0.4564,3.2470,1.0182,0.8112,0.6246,2.5989,0.7336,2.0368,0.5230,1.5041,
4730.0435,0.0305,0.0841,0.3008,1.1455,4.3599,15.7900,43.3589,48.4943,13.1437,1.5423,9.4000,0.8885,4.2540,0.4551,2.7191,0.7506,0.8341,0.9351,0.9420,0.8435,0.6776,2.6398,0.7857,0.4591,1.8999,0.4154,1.4539,
4740.0648,0.5690,0.2574,0.1140,0.0504,0.0221,0.0612,0.2160,0.8157,3.0732,11.1864,33.9237,53.0341,22.6062,3.1831,0.3533,9.3536,0.8877,4.3508,0.5272,0.3749,0.4047,0.4357,0.4478,3.2356,1.0195,0.8279,0.6495,2.6247,0.7616,2.0627,0.5416,1.5205,
4750.4075,0.3392,0.1569,0.0702,0.0311,0.0892,0.3030,1.0808,3.6458,10.7320,23.3601,30.7968,25.0123,17.6348,10.9515,4.3438,1.1096,0.1111,0.1317,0.1658,0.1491,0.1236,9.3960,0.8937,4.4497,0.5885,0.4249,0.4365,3.1804,1.0314,0.8869,0.7327,0.5546,2.5689,0.6878,2.0214,0.5060,1.5057,
4761.0883,0.5467,0.2416,0.1057,0.0461,0.0201,0.0552,0.1962,0.7463,2.8687,10.8238,34.3798,54.3081,21.5574,2.7325,9.4568,0.8750,4.1195,0.2854,2.3718,0.2959,0.3163,0.4460,0.6078,0.7725,0.8963,0.9327,0.8640,0.7167,0.5419,2.5658,0.6812,2.0217,0.5046,1.5085,
4770.0294,0.0093,
4780.5460,0.5178,0.2288,0.0996,0.0433,0.1201,0.4219,1.6002,6.0363,21.0412,49.6729,40.0423,8.0402,0.9205,9.4064,0.8877,4.2713,0.4170,2.6645,0.6482,0.7300,0.8601,0.9214,0.8818,0.7545,0.5858,2.6025,0.7219,2.0547,0.5292,1.5279,
4791.2978,0.6046,0.2647,0.1147,0.0495,0.0213,0.0594,0.2075,0.7898,3.0306,11.4033,35.6917,53.7665,20.0094,2.4821,9.4662,0.8730,4.1122,
4800.1488,0.0678,0.0293,0.0837,0.2858,1.0479,3.7608,12.5876,33.8124,49.0145,23.1099,4.1375,0.5247,0.0244,0.1016,9.5241,0.9127,4.5058,0.5810,0.4068,3.1046,0.9899,0.9086,0.8065,0.6504,2.6535,0.7849,0.4647,1.9315,0.4289,1.4841,
4810.2969,0.2283,0.0984,0.0419,0.0183,0.0507,0.1759,0.6634,2.5241,9.4637,30.7317,54.1823,25.8176,3.6287,9.7206,0.9278,4.2282,0.3379,2.5081,0.4318,0.4864,0.6390,0.7886,0.8869,0.8955,0.8084,0.6579,2.6634,0.7963,0.4741,1.9409,0.4347,1.4903,
4820.0108,0.0519,0.1733,0.6250,2.1812,7.0548,19.0077,35.4949,37.1255,19.4975,5.9209,1.2731,0.1303,0.1157,0.1478,0.1318,9.5902,0.9214,4.5467,0.5890,0.4077,3.1293,0.9851,0.8914,0.7823,0.6259,2.6464,0.7691,2.1011,0.5629,1.5592,
4830.0271,0.0291,0.0824,0.2840,1.0702,4.0417,14.6478,41.2543,49.5694,14.6514,1.7776,9.5997,0.9178,4.2946,0.3826,2.6143,0.5451,0.6140,0.7585,0.8652,0.8895,0.8189,0.6791,0.5162,2.5818,0.6799,2.0495,0.5172,1.5389,
4840.7791,0.4029,0.1722,0.0735,0.0311,0.0874,0.3021,1.1435,4.3582,15.9202,43.8660,47.7749,12.3326,1.4290,9.4666,0.8803,4.1734,
4850.2037,0.1959,0.0862,0.0371,0.1103,0.3623,1.2830,4.3226,12.8754,29.1839,40.4147,27.5828,9.5862,2.2054,0.3389,0.0711,0.1409,0.1333,0.1115,9.5938,0.9249,4.5185,0.5468,0.3678,3.0598,0.9386,0.8905,0.8264,0.6961,0.5368,2.6032,0.7014,2.0710,0.5325,1.5535,
4860.4075,0.3167,0.1377,0.0589,0.0249,0.0722,0.2426,0.8928,3.2495,11.2808,32.4642,50.7992,24.2383,3.9995,0.4820,0.0051,9.6330,0.9320,4.5263,0.5431,0.3623,3.0565,0.9304,0.8851,0.8256,0.6991,0.5420,2.6108,0.7085,2.0795,0.5381,1.5600,
4870.1743,0.0852,0.0361,0.1019,0.3485,1.3138,4.9744,17.8433,46.3117,44.6177,10.3360,1.2000,9.5261,0.8964,4.2295,
4880.0135,0.0186,0.0540,0.1827,0.6821,2.5634,9.4765,30.3376,53.4169,26.1742,3.8418,0.4562,9.5179,0.9053,4.3168,0.3502,2.5670,0.4403,0.4858,0.6281,0.7646,0.8506,0.8535,0.7700,0.6298,2.6756,0.7938,0.4787,1.9718,0.4482,1.5206,
4891.2387,0.4801,0.2423,0.1083,0.0468,0.0199,0.0601,0.1943,0.6859,2.3213,7.1065,17.2700,26.9855,24.0363,16.2925,13.8438,11.3892,5.7372,1.7795,0.3297,0.0663,0.1457,0.1412,0.1192,9.7092,0.9427,4.5801,0.5526,0.3634,3.0896,0.9267,0.8669,0.7981,0.6697,0.5166,2.6083,0.6957,2.0836,0.5372,1.5697,
4900.0634,0.0746,0.0318,0.0948,0.3092,1.1056,3.8296,12.1645,30.8479,45.8204,26.3293,6.1639,0.9886,0.0563,0.1035,0.1143,9.7467,0.9481,4.6013,0.5574,0.3649,3.1040,0.9266,0.8600,0.7865,0.6566,2.7019,0.8283,0.5071,1.9963,0.4651,1.5360,
4910.2798,0.2610,0.1144,0.0486,0.0205,0.0616,0.2002,0.7171,2.5025,8.1766,22.5594,42.0898,36.4437,12.2581,2.3625,0.3200,0.0637,0.1208,0.1120,9.7458,0.9495,4.5916,0.5435,3.0065,0.8549,0.8455,0.8376,0.7541,0.6177,2.6806,0.7922,0.4803,1.9847,0.4538,1.5335,
4920.0432,0.0235,0.0726,0.2322,0.8126,2.7189,8.1415,18.9855,28.1000,24.6482,17.7469,14.0343,8.4121,3.0779,0.7378,0.0393,0.1256,0.1430,0.1252,9.8025,0.9565,4.6309,0.5592,3.0488,0.8755,0.8480,0.8204,0.7225,0.5813,2.6615,0.7606,2.1372,0.5799,1.6027,
4930.6934,0.3534,0.1561,0.0662,0.0276,0.0838,0.2719,0.9736,3.4064,11.1052,29.6580,47.0454,27.7241,6.1665,0.9266,0.0485,0.0936,0.1016,9.7742,0.9555,4.5959,0.5297,2.9868,0.8262,0.8253,0.8328,0.7649,0.6386,2.7028,0.8210,0.5044,2.0067,0.4689,1.5480,
4940.1742,0.4230,0.1916,0.0818,0.0344,0.1049,0.3375,1.2006,4.1343,13.0273,32.4359,45.7944,24.1748,5.3019,0.8209,0.0311,0.1006,0.1066,9.8118,0.9611,4.6192,0.5363,3.0077,0.8340,0.8253,0.8244,0.7503,0.6218,2.6960,0.8070,0.4945,2.0049,0.4658,1.5496,
4950.0394,0.0186,0.0557,0.1836,0.6763,2.5036,9.0986,28.8295,52.3307,28.0255,4.4849,0.5423,9.7455,0.9527,4.4548,0.4023,2.7134,0.5516,0.5983,0.7207,0.8064,0.8194,0.7524,0.6284,2.7045,0.8178,0.5038,2.0144,0.4721,1.5563,
4960.7508,0.3874,0.1610,0.0657,0.0271,0.0800,0.2629,0.9737,3.6238,13.0574,37.8592,50.7265,17.4636,2.2738,9.9334,0.9800,4.4095,0.3484,2.5973,0.4034,0.4289,0.5574,0.6894,0.7873,0.8181,0.7687,0.6556,0.5147,2.6373,0.7127,2.1227,0.5607,1.6060,
4970.7238,0.4419,0.1932,0.0806,0.0335,0.1020,0.3277,1.1822,4.1956,13.9463,36.6148,48.0145,19.1021,3.0545,0.3742,0.0187,9.8810,0.9748,4.6377,0.5234,2.9951,0.8028,0.7997,0.8127,0.7542,0.6374,2.7188,0.8350,0.5198,2.0317,0.4835,1.5690,
4980.3774,0.1994,0.0846,0.0352,0.1104,0.3485,1.2324,4.2178,13.1918,32.5494,45.4623,23.8331,5.2423,0.8202,0.0356,0.0961,0.1027,9.8938,0.9764,4.6523,0.5248,3.0040,0.8020,0.7960,0.8069,0.7476,0.6313,2.7188,0.8321,0.5185,2.0349,0.4846,1.5729,
4990.2075,0.0970,0.0411,0.0170,0.0543,0.1695,0.5910,1.9855,6.0981,15.2330,25.3000,23.8693,15.5714,12.5566,12.4953,8.7091,3.5344,0.9331,0.1036,0.1047,0.1354,0.1213,0.0997,9.8839,0.9769,4.6353,0.5056,2.9651,0.7644,0.7715,0.8037,0.7665,0.6650,0.5305,2.6593,0.7349,2.1489,0.5798,1.6266,
5000.3921,0.1671,0.0683,0.0276,0.0848,0.2731,0.9947,3.6140,12.5953,35.6874,50.1904,19.7999,2.8917,0.3515,9.9085,0.9850,4.5829,0.4589,2.8634,0.6662,0.6963,0.7753,0.7950,0.7400,0.6279,2.7247,0.8361,0.5239,2.0460,0.4909,1.5828,
5010.0538,0.0443,0.0179,0.0559,0.1780,0.6432,2.3163,8.1075,25.0255,48.9914,33.3700,6.8746,0.8989,0.0732,9.9422,0.9893,4.6416,0.4929,2.9461,0.7334,0.7453,0.7907,0.7697,0.6817,0.5541,2.6821,0.7627,0.4665,2.0163,0.4634,1.5717,
5021.2617,0.5559,0.2276,0.0918,0.0364,0.0148,0.0451,0.1446,0.5302,1.9652,7.2492,24.2728,51.0695,33.9551,6.0752,0.7406,9.8167,0.9627,4.4111,
5030.0043,0.0406,
5040.2012,0.0938,0.0372,0.0147,0.0460,0.1466,0.5366,1.9835,7.3027,24.3806,51.0185,33.7126,6.0291,0.7393,9.8569,0.9716,4.4292,
5050.0816,0.0639,0.0258,0.0835,0.2590,0.9207,3.2206,10.6590,29.4637,47.9751,27.3665,5.5836,0.7886,0.0440,0.0693,10.0359,1.0049,4.7069,0.5034,2.9922,0.7411,0.7392,0.7712,0.7405,0.6492,0.5248,2.6802,0.7466,2.1803,0.5999,1.6580,
5060.0600,0.0460,
5070.3693,0.1610,0.0641,0.0252,0.0804,0.2528,0.9182,3.3461,11.8274,34.5545,50.8124,20.6802,2.9966,0.3784,9.9720,1.0005,4.5666,0.3796,2.7156,0.4476,0.4643,0.5794,0.6863,0.7508,0.7503,0.6838,0.5718,2.7168,0.7998,0.5013,2.0603,0.4913,1.6063,
5080.3654,0.1178,0.0496,0.0204,0.0694,0.2084,0.7159,2.3598,7.0558,16.9305,26.9734,25.9595,19.2451,14.5453,8.4547,3.0952,0.7698,0.0693,0.1007,0.1225,0.1081,0.0880,10.0592,1.0132,4.7050,0.4781,2.9481,0.6809,0.6889,0.7460,0.7468,0.6828,0.5735,2.7216,0.8048,0.5064,2.0673,0.4957,1.6119,
5090.1566,0.1207,0.0505,0.0204,0.0707,0.2115,0.7293,2.4197,7.3447,18.2341,31.2022,32.5579,21.1520,9.1320,2.6958,0.5698,0.0126,0.1077,0.1162,0.0995,10.1223,1.0216,4.7505,0.4997,3.0046,0.7212,0.7153,0.7497,0.7255,0.6429,0.5256,2.6965,0.7588,0.4703,2.0497,0.4783,1.6059,
5100.1446,0.1113,0.0457,0.0186,0.0632,0.1902,0.6603,2.2326,7.0537,18.9660,36.3270,37.7671,17.5506,4.4687,0.8545,0.0649,0.0918,0.1065,0.0921,10.1235,1.0242,4.7430,0.4871,2.9795,0.6930,0.6930,0.7402,0.7315,0.6615,0.5509,2.7156,0.7874,0.4942,2.0677,0.4926,1.6169,
5110.0497,0.0739,0.2199,0.7590,2.5309,7.7785,19.8277,35.1842,35.2973,17.8804,5.3023,1.1590,0.1429,0.0796,0.1111,0.0994,10.1741,1.0313,4.7772,0.5008,3.0179,0.7171,0.7070,0.7394,0.7153,0.6343,0.5196,2.7008,0.7587,0.4719,2.0584,0.4826,1.6147,
5120.4457,0.2346,0.1045,0.0432,0.0173,0.0607,0.1803,0.6229,2.0880,6.5161,17.2173,32.6896,36.6142,21.1955,6.9925,1.6440,0.2605,0.0551,0.1096,0.1028,0.0847,10.1441,1.0309,4.7435,0.4715,2.9521,0.6536,0.6581,0.7195,0.7305,0.6793,0.5807,2.7412,0.8268,0.5290,2.0963,0.5152,1.6356,
