0.0001 9 -2 68.3572 91.2234 6.8600 494.1696 -73.6949 1 0.0001 1
0.0001 12 -2 43.1523 186.1081 7.6041 494.1438 -73.6806 5 0.0001 1
0.0001 25 -2 54.8684 237.4090 4.5136 494.1818 -73.6881 1 0.0001 4
0.0001 10 -2 125.5737 264.4402 15.0418 494.1491 -73.6893 1 0.0001 1
0.0001 13 -2 89.1951 179.1420 8.1855 494.1814 -73.6887 1 0.0001 1
0.0001 13 -2 30.6547 139.7156 6.7668 494.1537 -73.6955 4 0.0001 1
0.0001 21 -2 77.9223 237.1009 9.4433 494.1776 -73.6868 1 0.0001 1
0.0001 11 -2 93.1355 262.0329 13.9196 494.1914 -73.6845 1 0.0001 1
0.0001 13 -2 65.3327 251.1553 8.4304 494.1715 -73.6839 1 0.0001 1
0.0001 25 -2 50.8887 197.4427 4.6288 494.1487 -73.6943 1 0.0001 4
0.0001 25 -2 30.6776 179.1434 4.4438 494.1477 -73.6927 1 0.0001 4
0.0002 14 -2 49.9129 225.4190 8.6954 494.2175 -73.6919 5 0.0002 1
0.0002 15 -2 29.6103 164.4774 4.3043 494.1995 -73.6928 1 0.0002 1
0.0002 17 -2 43.8876 181.4896 4.3566 494.2064 -73.6927 1 0.0002 3
0.0002 12 -2 65.4382 134.1869 8.1949 494.1733 -73.6865 1 0.0002 1
0.0002 11 -2 48.4673 117.8596 7.4314 494.1549 -73.6902 1 0.0002 1
0.0002 13 -2 68.9260 222.9099 10.1772 494.1811 -73.6881 1 0.0002 1
0.0002 12 -2 84.8358 187.3667 13.0887 494.2129 -73.6935 1 0.0002 1
0.0002 12 -2 71.7369 189.0581 6.6116 494.1664 -73.6949 1 0.0002 1
0.0002 13 -2 102.4616 237.5746 15.8823 494.1727 -73.6852 1 0.0002 1
0.0002 21 -2 43.7879 215.0295 4.0042 494.2162 -73.6954 1 0.0002 1
0.0002 10 -2 106.7610 159.2753 11.3372 494.1530 -73.6951 1 0.0002 1
0.0002 17 -2 51.0203 305.3313 6.3496 494.1820 -73.6906 1 0.0002 3
0.0002 12 -2 46.6948 149.5753 5.1439 494.1764 -73.6967 1 0.0002 1
0.0002 9 -2 66.3652 104.5245 7.1485 494.2595 -73.6986 1 0.0002 1
0.0003 11 -2 45.4210 172.7423 7.0209 494.1919 -73.6745 3 0.0003 1
0.0003 12 -2 43.6030 128.9333 4.5231 494.2029 -73.6934 1 0.0003 1
0.0003 12 -2 66.8168 185.8034 8.2543 494.1614 -73.6929 1 0.0003 1
0.0003 13 -2 53.6284 175.8168 10.2627 494.1985 -73.6945 4 0.0003 1
0.0003 14 -2 28.7870 129.9589 4.1690 494.1867 -73.6873 1 0.0003 1
0.0003 12 -2 61.4774 237.0388 6.8079 494.1891 -73.6795 1 0.0003 1
0.0003 11 -2 44.9199 116.6645 5.3046 494.1526 -73.6989 1 0.0003 1
0.0003 11 -2 62.8292 102.5124 6.7056 494.1746 -73.6882 1 0.0003 1
0.0003 16 -2 43.1621 214.9888 6.9597 494.2123 -73.6858 8 0.0003 2
0.0004 18 -2 25.0221 171.8122 3.2140 494.1857 -73.6895 1 0.0004 4
0.0004 14 -2 67.2778 211.8974 10.9715 494.2197 -73.6959 1 0.0004 1
0.0004 11 -2 66.1212 161.0624 6.3377 494.1912 -73.6918 1 0.0004 1
0.0004 12 -2 51.2393 176.1090 10.1539 494.1900 -73.6917 3 0.0004 1
0.0004 13 -2 47.8295 192.9886 7.8607 494.2132 -73.6997 1 0.0004 1
0.0004 13 -2 46.0278 152.7611 5.0798 494.2239 -73.6964 1 0.0004 1
0.0004 11 -2 82.1678 193.2390 10.2055 494.2141 -73.6977 1 0.0004 1
0.0005 13 -2 87.8200 253.4852 8.9165 494.2043 -73.6911 1 0.0005 1
0.0005 11 -2 119.2218 234.4823 16.6860 494.1897 -73.6888 1 0.0005 1
0.0005 11 -2 73.8510 170.6352 7.9792 494.2272 -73.7050 1 0.0005 1
0.0005 14 -2 42.5885 182.8643 5.4741 494.1823 -73.6872 1 0.0005 1
0.0005 18 -2 54.0772 246.7179 5.1242 494.1826 -73.6884 1 0.0005 4
0.0005 12 -2 107.1255 218.7729 13.8277 494.2239 -73.6992 1 0.0005 1
0.0006 16 -2 53.0514 225.0704 5.8089 494.2144 -73.6978 1 0.0006 2
0.0006 18 -2 122.8315 285.8195 12.5080 494.1960 -73.6934 1 0.0006 4
0.0006 12 -2 47.0034 94.5112 5.8556 494.1796 -73.6891 1 0.0006 1
0.0006 23 -2 31.2017 178.4483 3.1755 494.2052 -73.6956 1 0.0006 2
0.0006 20 -2 41.6445 185.7430 2.9002 494.1793 -73.6884 1 0.0006 6
0.0007 11 -2 83.5046 217.1030 10.8915 494.1942 -73.6831 1 0.0007 1
0.0007 10 -2 100.2708 226.6077 11.0577 494.1717 -73.6976 1 0.0007 1
0.0007 16 -2 34.8907 214.2251 6.2339 494.2217 -73.6976 2 0.0007 2
0.0007 19 -2 84.6533 247.0707 9.7114 494.1601 -73.7024 1 0.0007 5
0.0008 13 -2 50.2070 170.4711 5.9460 494.1655 -73.6956 1 0.0008 1
0.0008 10 -2 84.4319 141.1060 9.8252 494.2176 -73.6859 1 0.0008 1
0.0008 12 -2 41.3302 101.4486 3.9273 494.1780 -73.6870 1 0.0008 1
0.0009 16 -2 36.8211 164.5804 4.4951 494.2090 -73.6940 1 0.0009 2
0.0009 10 -2 52.7668 182.6805 8.9384 494.1566 -73.6837 3 0.0009 1
0.0009 8 -2 14.4592 21.5811 0.3059 494.2108 -73.6758 1 0.0009 1
0.0010 12 -2 70.5544 299.4719 10.6548 494.2184 -73.7025 1 0.0010 1
0.0010 14 -2 52.4672 197.8604 5.4905 494.1793 -73.6938 1 0.0010 1
0.0010 13 -2 68.8301 238.9870 9.9743 494.2070 -73.6996 3 0.0010 1
0.0011 17 -2 85.4112 240.5911 8.0893 494.1465 -73.6940 1 0.0011 3
0.0011 14 -2 54.8438 222.8778 6.7934 494.2177 -73.6997 1 0.0011 1
0.0012 10 -2 70.2693 178.0237 11.0910 494.1982 -73.6950 1 0.0012 1
0.0012 17 -2 19.5644 137.3610 2.9658 494.2175 -73.7004 7 0.0012 3
0.0012 19 -2 45.3132 197.7491 4.7435 494.1713 -73.7029 1 0.0012 5
0.0013 17 -2 20.8973 147.2831 3.1120 494.1926 -73.6937 6 0.0013 3
0.0013 8 -2 32.4785 42.8595 2.4819 494.1859 -73.7002 1 0.0013 1
0.0014 8 -2 40.5613 56.6046 3.7280 494.1558 -73.6605 1 0.0014 1
0.0014 13 -2 44.3878 156.6235 4.2291 494.1636 -73.7048 1 0.0014 1
0.0015 19 -2 51.2288 245.4322 4.1982 494.1908 -73.6915 1 0.0015 5
0.0015 13 -2 92.6531 272.2292 9.9817 494.1747 -73.6909 1 0.0015 1
0.0016 18 -2 38.6627 213.2938 4.8296 494.2103 -73.7032 1 0.0016 4
0.0017 7 -2 35.6034 45.1680 3.4590 494.1635 -73.6504 1 0.0017 1
0.0017 15 -2 50.0621 189.5966 5.4764 494.1686 -73.7068 1 0.0017 1
0.0018 9 -2 135.4695 209.1989 13.5211 494.1465 -73.6971 1 0.0018 1
0.0018 7 -2 39.1673 49.1155 5.1090 494.1500 -73.6833 1 0.0018 1
0.0019 15 -2 47.5665 197.5089 8.7430 494.2084 -73.6960 1 0.0019 1
0.0020 13 -2 31.4088 140.6469 5.7594 494.2241 -73.6999 1 0.0020 1
0.0021 10 -2 100.0436 270.7888 16.4217 494.1462 -73.7001 2 0.0021 1
0.0021 20 -2 48.4630 239.2245 4.2128 494.2305 -73.7020 1 0.0021 6
0.0022 13 -2 95.3080 278.5793 9.7435 494.2126 -73.6963 1 0.0022 1
0.0023 11 -2 61.0604 107.4785 6.2442 494.1978 -73.7015 1 0.0023 1
0.0024 13 -2 59.8636 205.3057 6.6734 494.2286 -73.7047 1 0.0024 1
0.0025 10 -2 65.8817 198.0546 11.9796 494.1804 -73.6987 3 0.0025 1
0.0025 12 -2 83.6182 200.5461 7.6827 494.1538 -73.6963 1 0.0025 1
0.0026 7 -2 30.1760 37.4195 5.0548 494.1500 -73.6926 1 0.0026 1
0.0027 11 -2 74.1062 282.8580 13.8729 494.1467 -73.6938 3 0.0027 1
0.0028 12 -2 79.7278 300.1602 10.4906 494.1588 -73.6902 1 0.0028 1
0.0029 10 -2 76.6956 213.0579 12.1434 494.2578 -73.7015 2 0.0029 1
0.0031 12 -2 93.4329 253.1205 10.9575 494.1652 -73.6913 1 0.0031 1
0.0032 14 -2 78.3774 256.8271 9.0893 494.1565 -73.7040 1 0.0032 1
0.0033 15 -2 42.4435 165.4394 4.9250 494.1676 -73.6913 1 0.0033 1
0.0034 14 -2 46.2901 184.8074 4.9025 494.1780 -73.6920 1 0.0034 1
0.0035 11 -2 46.8755 169.1844 8.5622 494.1570 -73.7024 4 0.0035 1
0.0037 11 -2 54.5833 165.8391 6.8104 494.2260 -73.6912 1 0.0037 1
0.0038 12 -2 48.8005 191.3031 8.5589 494.1544 -73.6911 4 0.0038 1
0.0039 16 -2 81.2742 265.9997 7.7699 494.1824 -73.6970 1 0.0039 2
0.0041 14 -2 51.0569 207.6013 8.3631 494.1741 -73.6960 7 0.0041 1
0.0042 22 -2 76.3578 299.3550 8.2285 494.1878 -73.7150 1 0.0042 1
0.0044 12 -2 120.8757 302.7918 15.0638 494.1852 -73.6991 1 0.0044 1
0.0045 13 -2 32.7045 125.8435 5.7411 494.1484 -73.7046 4 0.0045 1
0.0047 9 -2 82.0819 124.7068 12.7330 494.2435 -73.7040 1 0.0047 1
0.0049 12 -2 44.8409 189.2749 7.1799 494.1544 -73.6825 4 0.0049 1
0.0050 17 -2 82.8884 251.4466 5.4392 494.1872 -73.6983 1 0.0050 3
0.0052 10 -2 57.3958 207.6670 9.5219 494.1580 -73.7034 3 0.0052 1
0.0054 14 -2 68.1743 231.5087 9.8389 494.1749 -73.6988 1 0.0054 1
0.0056 12 -2 74.1675 189.2034 12.9698 494.1729 -73.7132 1 0.0056 1
0.0058 18 -2 23.8591 175.3303 3.5291 494.1804 -73.7005 1 0.0058 4
0.0060 14 -2 118.9313 303.3569 11.1184 494.2126 -73.7091 1 0.0060 1
0.0063 10 -2 134.0027 270.9408 16.0246 494.2078 -73.7138 1 0.0063 1
0.0065 13 -2 92.0360 247.6275 12.0216 494.1851 -73.7008 1 0.0065 1
0.0067 14 -2 40.0169 174.1096 6.3523 494.1559 -73.6937 5 0.0067 1
0.0070 11 -2 62.6959 155.1776 8.1000 494.1979 -73.7132 1 0.0070 1
0.0072 10 -2 74.0967 190.0368 13.5030 494.1993 -73.7063 1 0.0072 1
0.0075 9 -2 62.0672 99.0545 8.1503 494.1573 -73.7264 1 0.0075 1
0.0078 9 -2 53.5515 75.9794 6.5603 494.1921 -73.6990 1 0.0078 1
0.0081 11 -2 63.0317 254.2363 12.0958 494.1512 -73.7153 1 0.0081 1
0.0084 11 -2 58.5461 107.7582 3.9084 494.1849 -73.7086 1 0.0084 1
0.0087 9 -2 131.6255 215.8976 17.2017 494.2025 -73.7113 1 0.0087 1
0.0090 10 -2 91.9750 155.9942 10.5264 494.1652 -73.7249 1 0.0090 1
0.0093 11 -2 49.4396 156.6727 6.8059 494.2176 -73.7100 1 0.0093 1
0.0096 12 -2 77.0928 245.7057 12.2219 494.1630 -73.7274 2 0.0096 1
0.0100 11 -2 91.0258 199.7620 9.2427 494.2331 -73.7125 1 0.0100 1
0.0104 15 -2 83.1237 273.2953 6.3388 494.1685 -73.7233 1 0.0104 1
0.0107 12 -2 91.9679 269.2776 8.3462 494.2201 -73.7167 1 0.0107 1
0.0111 18 -2 34.7211 172.5006 2.9672 494.1803 -73.7129 1 0.0111 4
0.0115 9 -2 87.7317 150.0818 12.7361 494.1490 -73.7214 1 0.0115 1
0.0120 16 -2 47.0076 225.1678 6.1258 494.1794 -73.7130 1 0.0120 2
0.0124 17 -2 47.8452 198.0405 7.1590 494.1565 -73.7230 1 0.0124 3
0.0129 17 -2 62.7448 253.8855 7.4467 494.1509 -73.7043 1 0.0129 3
0.0133 15 -2 80.6273 299.7211 6.7775 494.2014 -73.7202 1 0.0133 1
0.0138 12 -2 67.0067 188.4507 5.6328 494.1637 -73.7347 1 0.0138 1
0.0143 28 -2 99.9738 295.7062 8.8742 494.2245 -73.7305 1 0.0143 7
0.0149 13 -2 83.6895 284.6367 10.7877 494.1844 -73.7271 1 0.0149 1
0.0154 12 -2 57.3776 140.1393 5.6867 494.1937 -73.7199 1 0.0154 1
0.0160 16 -2 43.9641 229.6441 7.0099 494.1820 -73.7231 1 0.0160 2
0.0165 12 -2 86.5018 196.8210 13.4072 494.1710 -73.7202 1 0.0165 1
0.0172 16 -2 64.3438 255.3531 6.9166 494.2389 -73.7396 1 0.0172 2
0.0178 18 -2 33.0450 177.3532 5.3382 494.2199 -73.7391 8 0.0178 4
0.0184 15 -2 95.5817 243.3521 6.6349 494.1531 -73.7367 1 0.0184 1
0.0191 11 -2 87.1660 241.7500 9.4959 494.1895 -73.7195 1 0.0191 1
0.0198 9 -2 33.5857 49.1271 2.7404 494.1937 -73.7348 1 0.0198 1
0.0205 9 -2 37.1963 57.4849 4.5153 494.2057 -73.7328 1 0.0205 1
0.0213 13 -2 38.6199 159.4390 7.2610 494.1586 -73.7443 1 0.0213 1
0.0221 21 -2 72.1813 223.1490 7.2171 494.2123 -73.7451 1 0.0221 1
0.0229 12 -2 86.8152 223.1701 9.5001 494.2232 -73.7442 1 0.0229 1
0.0237 13 -2 53.6795 183.5195 5.4231 494.2084 -73.7524 1 0.0237 1
0.0246 8 -2 81.2211 102.2933 8.0426 494.1590 -73.7528 1 0.0246 1
0.0255 19 -2 35.5069 190.0377 3.7539 494.2063 -73.7516 1 0.0255 5
0.0264 11 -2 82.2195 218.5546 12.0086 494.2239 -73.7544 1 0.0264 1
0.0274 11 -2 68.5929 141.6997 9.1449 494.2065 -73.7607 1 0.0274 1
0.0284 13 -2 46.4696 142.2263 3.9457 494.1947 -73.7564 1 0.0284 1
0.0294 9 -2 85.9516 204.4393 11.2652 494.1996 -73.7681 1 0.0294 1
0.0305 10 -2 71.8841 133.0594 7.0118 494.1711 -73.7402 1 0.0305 1
0.0316 10 -2 54.8650 172.5737 9.4837 494.2203 -73.7647 1 0.0316 1
0.0328 13 -2 55.5836 244.7843 10.6813 494.2386 -73.7770 1 0.0328 1
0.0340 13 -2 56.5247 181.4401 9.8363 494.1490 -73.7644 6 0.0340 1
0.0352 12 -2 74.8868 263.2023 9.4313 494.1723 -73.7700 1 0.0352 1
0.0365 11 -2 86.1901 268.3341 10.8199 494.1934 -73.7785 1 0.0365 1
0.0379 10 -2 38.2581 92.5264 5.6404 494.1749 -73.7728 1 0.0379 1
0.0392 23 -2 25.2079 164.1798 4.4823 494.1484 -73.7834 14 0.0392 2
0.0407 11 -2 48.0657 174.1801 6.8858 494.1884 -73.7691 1 0.0407 1
0.0422 16 -2 23.2507 154.3556 4.0078 494.2063 -73.7901 7 0.0422 2
0.0437 15 -2 74.1713 253.8801 8.5605 494.2012 -73.7923 1 0.0437 1
0.0453 14 -2 36.7363 153.6538 5.1051 494.1912 -73.7942 1 0.0453 1
0.0470 12 -2 82.3732 174.5140 11.2968 494.2102 -73.8005 1 0.0470 1
0.0487 18 -2 22.3104 157.7646 3.4919 494.2115 -73.8084 7 0.0487 4
0.0505 15 -2 48.8454 204.6975 5.5010 494.2078 -73.8109 1 0.0505 1
0.0523 13 -2 108.5675 297.0074 14.0954 494.1603 -73.8007 1 0.0523 1
0.0542 26 -2 58.7551 286.6446 5.3630 494.1837 -73.8116 1 0.0542 5
0.0562 10 -2 79.5376 178.7159 9.5183 494.1516 -73.8014 1 0.0562 1
0.0583 10 -2 136.4684 216.9582 16.0990 494.1600 -73.8226 1 0.0583 1
0.0604 11 -2 76.6927 152.8187 7.7827 494.1981 -73.8404 1 0.0604 1
0.0626 23 -2 65.9724 241.6229 7.8730 494.1830 -73.8330 1 0.0626 2
0.0649 18 -2 57.3032 201.0753 4.5594 494.1532 -73.8473 1 0.0649 4
0.0673 13 -2 43.9693 142.1123 4.9135 494.1824 -73.8399 1 0.0673 1
0.0698 17 -2 20.6704 138.2603 3.0385 494.1920 -73.8519 6 0.0698 3
0.0723 8 -2 42.4489 65.9211 5.4188 494.1470 -73.8442 1 0.0723 1
0.0750 13 -2 53.7068 161.1028 6.2921 494.2111 -73.8691 1 0.0750 1
0.0777 15 -2 22.6476 122.6426 3.7603 494.1855 -73.8662 4 0.0777 1
0.0806 11 -2 62.2850 221.6058 10.4163 494.1682 -73.8810 3 0.0806 1
0.0835 15 -2 63.3342 228.9862 7.3171 494.1826 -73.8803 1 0.0835 1
0.0866 10 -2 45.6667 102.2488 6.7689 494.1544 -73.8959 1 0.0866 1
0.0898 23 -2 27.7795 157.6774 3.5480 494.1908 -73.8978 1 0.0898 2
0.0931 20 -2 35.9102 215.0038 3.6356 494.2071 -73.9097 1 0.0931 6
0.0965 11 -2 103.2024 330.0685 16.0652 494.2122 -73.9102 3 0.0965 1
0.1000 12 -2 51.5178 208.9311 9.5041 494.1889 -73.9161 3 0.1000 1
0.1037 10 -2 55.4622 97.8365 7.8134 494.2195 -73.9352 1 0.1037 1
0.1075 14 -2 54.7910 180.3215 5.1073 494.1795 -73.9378 1 0.1075 1
0.1114 14 -2 69.5170 257.3574 8.6755 494.1930 -73.9480 1 0.1114 1
0.1155 11 -2 77.1411 153.6748 7.6147 494.1988 -73.9479 1 0.1155 1
0.1197 11 -2 54.9849 213.6706 8.2652 494.1746 -73.9517 1 0.1197 1
0.1241 19 -2 45.1343 266.9022 5.6771 494.2086 -73.9808 1 0.1241 5
0.1286 16 -2 77.2209 223.2395 8.6559 494.1659 -74.0024 1 0.1286 2
0.1334 10 -2 33.8771 58.6140 4.3075 494.2040 -73.9977 1 0.1334 1
0.1382 26 -2 67.3055 220.9684 4.4827 494.1970 -74.0096 1 0.1382 5
0.1433 14 -2 47.1399 220.1720 7.8418 494.2177 -74.0249 4 0.1433 1
0.1486 12 -2 25.2281 92.1588 4.5181 494.1785 -74.0276 3 0.1486 1
0.1540 26 -2 34.5380 189.9413 4.2176 494.1900 -74.0437 1 0.1540 5
0.1596 10 -2 153.6106 256.5605 18.4464 494.2426 -74.0676 1 0.1596 1
0.1655 12 -2 61.9729 184.4037 6.7633 494.1776 -74.0901 1 0.1655 1
0.1715 12 -2 39.2979 153.0791 6.0748 494.2346 -74.0970 2 0.1715 1
0.1778 12 -2 58.7880 256.8210 9.5908 494.1566 -74.0885 3 0.1778 1
0.1843 13 -2 40.1674 180.2395 7.6439 494.2354 -74.1278 4 0.1843 1
0.1911 11 -2 43.8969 119.0108 6.2838 494.2407 -74.1467 1 0.1911 1
0.1981 9 -2 60.7033 135.9687 10.2450 494.1842 -74.1470 1 0.1981 1
0.2054 13 -2 61.9583 162.8206 6.9794 494.2285 -74.1760 1 0.2054 1
0.2129 13 -2 49.3976 174.8612 8.2991 494.2024 -74.1874 5 0.2129 1
0.2207 20 -2 75.9316 253.4817 3.4234 494.2144 -74.2071 1 0.2207 6
0.2288 12 -2 42.2161 117.9265 5.2314 494.2165 -74.2240 1 0.2288 1
0.2371 16 -2 37.1379 157.4625 4.0773 494.2208 -74.2453 1 0.2371 2
0.2458 13 -2 43.8788 159.1870 6.0537 494.2190 -74.2649 2 0.2458 1
0.2548 18 -2 37.2687 190.9195 6.5133 494.1944 -74.2790 1 0.2548 4
0.2642 16 -2 125.9528 294.6740 11.9196 494.2243 -74.3091 1 0.2642 2
0.2738 16 -2 30.8817 191.0441 5.2508 494.2466 -74.3378 5 0.2738 2
0.2839 19 -2 24.8846 163.0141 4.3595 494.1779 -74.3577 10 0.2839 5
0.2943 14 -2 31.0006 122.9749 4.2798 494.2075 -74.3757 1 0.2943 1
0.3051 8 -2 68.8423 119.3317 9.0780 494.1923 -74.4142 1 0.3051 1
0.3162 12 -2 48.6186 170.3688 8.8710 494.2311 -74.4337 1 0.3162 1
0.3278 13 -2 96.9789 214.6834 9.8609 494.2033 -74.4609 1 0.3278 1
0.3398 11 -2 100.8990 210.5465 12.0736 494.1972 -74.4950 1 0.3398 1
0.3523 16 -2 43.3396 219.0331 7.6748 494.2415 -74.5195 6 0.3523 2
0.3652 16 -2 23.9485 132.3033 4.3832 494.2061 -74.5573 7 0.3652 2
0.3786 17 -2 33.6239 197.1358 4.5133 494.2316 -74.5774 1 0.3786 3
0.3924 7 -2 24.2593 31.7404 4.6717 494.2091 -74.6146 1 0.3924 1
0.4068 14 -2 31.0760 149.4990 5.0851 494.2411 -74.6579 5 0.4068 1
0.4217 11 -2 60.8387 221.5345 9.5171 494.2742 -74.6876 3 0.4217 1
0.4371 17 -2 43.1245 203.5956 5.1689 494.2655 -74.7213 1 0.4371 3
0.4532 10 -2 113.9316 221.8718 12.3292 494.2414 -74.7559 1 0.4532 1
0.4698 11 -2 42.4816 152.8163 6.6371 494.2453 -74.7870 3 0.4698 1
0.4870 12 -2 40.0890 141.6509 5.7206 494.2671 -74.8525 1 0.4870 1
0.5048 14 -2 70.7994 237.8104 11.0202 494.2703 -74.8827 3 0.5048 1
0.5233 13 -2 40.9969 142.0861 6.0909 494.2836 -74.9262 1 0.5233 1
0.5425 11 -2 84.6276 203.7270 10.7180 494.2958 -74.9724 1 0.5425 1
0.5623 14 -2 56.0626 309.3918 8.7332 494.2911 -75.0143 1 0.5623 1
0.5829 15 -2 72.9549 208.7302 6.7136 494.3272 -75.0760 1 0.5829 1
0.6043 12 -2 79.5475 255.8860 7.3925 494.2852 -75.1168 1 0.6043 1
0.6264 9 -2 73.2429 155.8692 11.9672 494.3520 -75.1906 1 0.6264 1
0.6494 13 -2 58.3268 179.2220 7.9766 494.1744 -74.2936 1 0.6494 1
0.6732 15 -2 31.8797 148.3553 7.6397 494.1604 -74.3156 4 0.6732 1
0.6978 20 -2 23.2452 191.1166 7.8972 494.1706 -74.3384 8 0.6978 6
0.7234 10 -2 78.5007 218.6091 13.2178 494.3613 -75.4157 2 0.7234 1
0.7499 18 -2 70.2449 288.3621 8.4500 494.1716 -74.3876 1 0.7499 4
0.7774 12 -2 147.6108 270.2749 18.5747 494.1726 -74.4149 1 0.7774 1
0.8058 16 -2 70.7534 268.4023 8.9673 494.1630 -74.4364 1 0.8058 2
0.8354 14 -2 125.4714 236.0107 13.6746 494.1710 -74.4674 1 0.8354 1
0.8660 14 -2 37.1591 107.0930 9.5211 494.1770 -74.4981 1 0.8660 1
0.8977 16 -2 21.9308 129.3051 9.8241 494.1815 -74.5289 4 0.8977 2
0.9306 16 -2 55.6680 185.8820 10.1109 494.1789 -74.5595 1 0.9306 2
0.9647 12 -2 48.6803 173.3045 10.4455 494.1721 -74.5883 1 0.9647 1
1.0000 16 -2 38.6088 240.1676 10.7779 494.1754 -74.6231 1 1.0000 2
1.0366 11 -2 35.4293 60.0392 11.0929 494.1885 -74.6634 1 1.0366 1
1.0746 20 -2 37.2833 215.6800 11.4320 494.1843 -74.6998 1 1.0746 6
1.1140 11 -2 69.8786 142.4449 11.7514 494.1850 -74.7321 1 1.1140 1
1.1548 14 -2 66.0611 182.7048 12.1157 494.1926 -74.7714 1 1.1548 1
1.1971 17 -2 70.8408 279.1663 12.4637 494.1995 -74.8139 1 1.1971 3
1.2409 16 -2 37.5268 172.7982 12.8629 494.2137 -74.8585 5 1.2409 2
1.2864 11 -2 95.8890 150.6476 13.2414 494.2119 -74.9046 1 1.2864 1
1.3335 11 -2 110.6195 186.5724 13.6212 494.2161 -74.9451 1 1.3335 1
1.3824 13 -2 44.2427 127.6621 14.0014 494.2191 -74.9945 1 1.3824 1
1.4330 16 -2 48.0521 303.9755 14.4139 494.2208 -75.0373 5 1.4330 2
1.4855 19 -2 35.3007 169.0213 14.8005 494.2299 -75.0909 9 1.4855 5
1.5399 15 -2 37.1145 159.6949 15.2078 494.2413 -75.1441 2 1.5399 1
1.5963 11 -2 85.7144 178.2985 15.6462 494.2385 -75.1970 1 1.5963 1
1.6548 21 -2 26.8571 198.1152 16.0694 494.2317 -75.2002 1 1.6548 1
1.7154 17 -2 58.1207 249.2184 16.5263 494.2527 -75.3101 1 1.7154 3
1.7783 13 -2 44.7062 94.7968 16.9559 494.2445 -75.3134 1 1.7783 1
1.8434 18 -2 46.2958 244.3625 17.4120 494.2531 -75.3735 1 1.8434 4
1.9110 11 -2 49.3770 95.5179 17.8773 494.2581 -75.4342 1 1.9110 1
1.9810 10 -2 38.3438 74.6449 18.3354 494.2632 -75.4974 1 1.9810 1
2.0535 19 -2 40.6575 160.4796 18.8092 494.2739 -75.5673 1 2.0535 5
2.1288 14 -2 111.2459 243.6212 19.2623 494.2896 -75.6354 1 2.1288 1
2.2067 11 -2 95.8448 188.0056 19.8376 494.3006 -75.7070 1 2.2067 1
2.2876 20 -2 35.0351 197.6280 20.2507 494.3153 -75.7829 1 2.2876 6
2.3714 20 -2 35.9042 231.6221 20.7355 494.3274 -75.8598 1 2.3714 6
2.4582 23 -2 27.3184 249.9565 21.2128 494.3376 -75.9384 18 2.4582 2
2.5483 12 -2 48.7649 179.2170 21.7407 494.3455 -76.0178 2 2.5483 1
2.6416 14 -2 44.6632 145.5722 22.1842 494.3712 -76.1066 1 2.6416 1
2.7384 14 -2 46.4708 176.8443 22.6957 494.3792 -76.1935 1 2.7384 1
2.8387 16 -2 34.0180 153.4459 23.1710 494.4033 -76.2877 11 2.8387 2
2.9427 13 -2 40.1181 117.0109 23.6514 494.4229 -76.3818 1 2.9427 1
3.0505 16 -2 64.1804 259.8975 24.1596 494.4451 -76.4824 1 3.0505 2
3.1623 19 -2 39.8722 179.7113 24.6481 494.4673 -76.5851 14 3.1623 5
3.2781 16 -2 42.1156 149.2145 25.1756 494.4613 -76.6419 10 3.2781 2
3.3982 37 -2 44.2415 237.7488 25.6358 494.4849 -76.7497 31 3.3982 16
3.5227 23 -2 46.5052 235.5658 26.0844 494.5132 -76.8601 17 3.5227 2
3.6517 29 -2 48.8929 176.6764 26.5628 494.5406 -76.9759 23 3.6517 8
3.7855 15 -2 51.4645 244.9120 27.0451 494.5706 -77.0940 9 3.7855 1
3.9242 27 -2 53.8044 223.6779 27.4496 494.6031 -77.2186 21 3.9242 6
4.0679 21 -2 56.4952 255.7793 27.8924 494.6411 -77.3475 15 4.0679 1
4.2170 23 -2 59.1483 233.6406 28.3114 494.6773 -77.4802 17 4.2170 2
4.3714 23 -2 61.8780 223.2402 28.7079 494.7191 -77.6183 17 4.3714 2
4.5316 28 -2 64.6895 212.4397 29.0995 494.7620 -77.7621 22 4.5316 7
4.6976 24 -2 67.7460 305.6700 29.4898 494.8109 -77.9110 18 4.6976 3
4.8697 19 -2 70.4097 282.9341 29.7768 494.8645 -78.0632 13 4.8697 5
5.0481 15 -2 73.2673 225.4846 30.0648 494.9160 -78.2203 9 5.0481 1
5.2330 25 -2 76.2073 277.2071 30.3238 494.3587 -76.1646 17 5.2330 4
5.4247 17 -2 79.1455 202.4539 30.5558 494.3749 -76.2543 9 5.4247 3
5.6234 25 -2 82.1112 300.8968 30.7430 495.0689 -78.6888 18 5.6234 4
5.8294 19 -2 84.9902 237.6191 30.8699 495.1459 -78.8700 12 5.8294 5
6.0430 35 -2 87.6382 229.8369 30.9537 495.2163 -79.0547 28 6.0430 14
6.2643 18 -2 90.7298 239.2624 31.0435 494.4505 -76.6415 9 6.2643 4
6.4938 32 -2 92.9645 249.6302 30.9829 494.4737 -76.7485 23 6.4938 11
6.7317 14 -2 95.0442 157.9350 30.8679 494.4987 -76.8594 5 6.7317 1
6.9783 21 -2 97.5839 243.5409 30.6570 494.5275 -76.9747 12 6.9783 1
7.2339 30 -2 99.2518 293.7451 30.3245 494.5572 -77.0939 21 7.2339 9
7.4989 15 -2 101.2986 165.5395 30.1558 494.5858 -77.2151 6 7.4989 1
7.7737 17 -2 102.9736 170.7326 29.8152 494.6192 -77.3424 8 7.7737 3
8.0584 26 -2 103.5983 245.1798 29.1108 494.6561 -77.4754 17 8.0584 5
8.3536 23 -2 103.0347 254.0934 28.1435 494.6922 -77.6074 13 8.3536 2
8.6596 18 -2 104.6056 197.7043 27.8988 494.7331 -77.7470 8 8.6596 4
8.9769 33 -2 100.2775 301.6351 25.9069 494.7817 -77.8959 23 8.9769 12
9.3057 28 -2 79.5360 305.5184 19.4128 494.8329 -78.0466 15 9.3057 7
9.6466 24 -2 99.0156 271.1579 24.2099 494.8768 -78.2014 14 9.6466 3
10.0000 19 -2 96.6910 242.7484 23.0869 494.9349 -78.3641 9 10.0000 5
10.3663 25 -2 92.1396 284.6198 18.7985 494.9927 -78.5280 14 1.4029 4
10.7461 37 -2 105.8454 291.5151 19.1192 495.0528 -78.7006 27 1.4543 16
11.1397 34 -2 80.1003 289.2204 14.8507 495.1263 -78.8799 16 1.5076 13
11.5478 48 -2 107.8823 315.7390 16.3076 495.1942 -79.0645 37 1.5628 27
11.9708 20 -2 100.6905 291.3923 14.9349 495.2789 -79.2592 9 1.6201 6
12.4094 30 -2 61.2953 309.1168 9.7425 495.3620 -79.4505 13 1.6794 9
12.8640 26 -2 103.6453 261.5185 14.8324 495.4504 -79.6604 15 1.7409 5
13.3352 31 -2 80.1364 329.5868 12.4714 495.5600 -79.8722 19 1.8047 10
13.8237 30 -2 83.7194 338.3974 12.8592 495.6588 -80.0882 17 1.8708 9
14.3301 38 -2 56.0037 345.5986 10.6889 494.6780 -77.5879 16 1.9394 17
14.8551 32 -2 82.4268 306.2815 12.1892 495.8226 -80.4893 19 2.0104 11
15.3993 34 -2 69.1833 334.0782 11.1633 495.9484 -80.7275 20 2.0841 13
15.9634 33 -2 80.8007 311.8480 11.7549 496.0825 -80.9763 21 2.1604 12
16.5482 38 -2 52.2516 332.6241 11.6465 496.2275 -81.2312 20 2.2396 17
17.1544 40 -2 60.7302 330.7608 11.8634 494.9031 -78.3281 25 2.3216 19
17.7828 44 -2 42.5002 339.7551 12.1155 494.9597 -78.4933 22 2.4066 23
18.4342 35 -2 75.2924 332.8461 12.5020 495.0199 -78.6644 23 2.4948 14
19.1095 41 -2 40.3228 352.6570 12.5960 495.0843 -78.8403 28 2.5862 20
19.8096 41 -2 50.5990 344.0558 12.7874 495.1555 -79.0236 25 2.6809 20
20.5352 40 -2 56.2986 341.3109 13.0356 495.2303 -79.2129 21 2.7791 19
21.2875 43 -2 32.8477 340.8971 13.2257 495.3103 -79.4079 24 2.8810 22
22.0673 37 -2 48.4897 343.4979 13.4519 495.3967 -79.6094 24 2.9865 16
22.8757 43 -2 42.6890 361.3604 13.6337 495.4899 -79.8189 26 3.0959 22
23.7137 36 -2 56.5789 363.2613 13.8502 495.5900 -80.0356 20 3.2093 15
24.5824 37 -2 56.5366 351.4133 14.0244 495.6970 -80.2587 22 3.3269 16
25.4830 43 -2 34.0993 363.4023 14.1986 495.8135 -80.4901 36 3.4487 22
26.4165 39 -2 43.7020 362.9659 14.3554 495.9352 -80.7279 21 3.5751 18
27.3842 36 -2 41.1350 367.1070 14.5483 496.0656 -80.9739 23 3.7060 15
28.3874 35 -2 49.8058 367.0330 14.6902 496.2022 -81.2230 19 3.8418 14
29.4273 12 -2 2.3261 -3.8577 1.3557 866.3892 -149.9919 2 29.4273 1
30.5053 36 -2 48.0027 369.7969 14.9377 496.5164 -81.7578 19 4.1284 15
31.6228 11 -2 3.9822 2.2734 0.9771 866.4166 -149.9946 1 31.6228 1
32.7812 9 -2 1.8480 2.1020 0.4084 866.4205 -149.9949 1 32.7812 1
33.9821 11 -2 4.7621 3.7618 0.9757 866.4371 -149.9967 1 33.9821 1
35.2269 10 -2 7.8149 9.3668 0.8932 866.4424 -149.9972 1 35.2269 1
36.5174 10 -2 11.7590 13.6356 1.0209 866.4385 -149.9969 1 36.5174 1
37.8552 10 -2 10.6802 12.4131 0.7470 866.4551 -149.9985 1 37.8552 1
39.2419 10 -2 10.2145 12.4431 0.9568 866.4525 -149.9982 1 39.2419 1
40.6794 10 -2 21.4835 25.9685 1.1076 866.4604 -149.9989 1 40.6794 1
42.1697 9 -2 20.1193 24.5634 0.9448 866.4478 -149.9978 1 42.1697 1
43.7144 8 -2 1.5913 2.1240 0.1081 866.4656 -149.9993 1 43.7144 1
45.3158 9 -2 16.8150 20.6711 0.6440 866.4648 -149.9993 1 45.3158 1
46.9759 8 -2 6.6072 8.2781 0.2286 866.4667 -149.9994 1 46.9759 1
48.6968 8 -2 15.7043 19.2106 0.4618 866.4622 -149.9990 1 48.6968 1
50.4807 7 -2 1.8503 2.4177 0.0778 866.4633 -149.9992 1 50.4807 1
52.3299 8 -2 15.1376 18.4719 0.4081 866.4649 -149.9994 1 52.3299 1
54.2469 8 -2 12.8576 15.6774 0.3007 866.4702 -149.9996 1 54.2469 1
56.2341 8 -2 15.7515 19.1024 0.3523 866.4698 -149.9997 1 56.2341 1
58.2942 8 -2 24.4929 29.1185 0.4485 866.4707 -149.9996 1 58.2942 1
60.4296 8 -2 27.5256 32.4805 0.4518 866.4711 -149.9998 1 60.4296 1
62.6434 7 -2 31.5281 37.1370 0.4841 866.4622 -149.9992 1 62.6434 1
64.9382 7 -2 15.7415 18.3512 0.2104 866.4706 -149.9998 1 64.9382 1
67.3170 7 -2 29.1433 33.4343 0.3291 866.4705 -149.9998 1 67.3170 1
69.7831 7 -2 24.6728 28.5989 0.2993 866.4700 -149.9998 1 69.7831 1
72.3394 7 -2 14.2051 16.1940 0.1441 866.4726 -149.9998 1 72.3394 1
74.9894 7 -2 14.2125 16.0989 0.1313 866.4733 -149.9999 1 74.9894 1
77.7365 7 -2 9.1168 10.3549 0.0840 866.4736 -150.0000 1 77.7365 1
80.5842 7 -2 16.5294 18.6266 0.1380 866.4731 -150.0000 1 80.5842 1
83.5363 6 87 6.3040 7.1107 0.0515 866.4726 -149.9999 1 83.5363 1
86.5964 6 100 6.8323 7.6115 0.0478 866.4727 -150.0000 1 86.5964 1
89.7687 6 -2 19.4227 21.3811 0.1175 866.4727 -149.9998 1 89.7687 1
93.0572 6 -2 23.1368 25.3688 0.1298 866.4717 -149.9998 1 93.0572 1
96.4662 6 -2 15.9614 17.2774 0.0746 866.4731 -150.0000 1 96.4662 1
100.0000 6 -2 28.2053 30.5460 0.1292 866.4726 -149.9999 1 100.0000 1
103.6633 6 -2 22.0406 23.7559 0.0927 866.4736 -149.9999 1 103.6633 1
107.4608 6 -2 21.6816 23.3982 0.0899 866.4733 -150.0000 1 107.4608 1
111.3974 6 -2 21.9702 23.5061 0.0793 866.4736 -149.9999 1 111.3974 1
115.4782 6 -2 15.4290 16.4647 0.0524 866.4734 -149.9999 1 115.4782 1
119.7085 6 -2 15.5643 16.5374 0.0483 866.4740 -150.0001 1 119.7085 1
124.0938 6 -2 18.1247 19.2382 0.0536 866.4734 -149.9999 1 124.0938 1
128.6397 6 -2 24.5246 25.8730 0.0643 866.4741 -150.0001 1 128.6397 1
133.3521 5 -2 3.7350 3.9219 0.0086 866.4731 -150.0000 1 133.3521 1
138.2372 6 114 15.0994 15.8467 0.0344 866.4740 -150.0001 1 138.2372 1
143.3013 6 70 13.1366 13.7680 0.0284 866.4738 -149.9999 1 143.3013 1
148.5508 6 -2 19.0969 19.9049 0.0359 866.4739 -150.0000 1 148.5508 1
153.9926 5 -2 16.5364 17.2001 0.0291 866.4730 -150.0000 1 153.9926 1
159.6339 5 -2 8.4081 8.7238 0.0136 866.4733 -149.9999 1 159.6339 1
165.4817 5 -2 5.4176 5.6125 0.0082 866.4730 -150.0000 1 165.4817 1
171.5438 5 -2 11.6821 12.0775 0.0164 866.4731 -150.0000 1 171.5438 1
177.8279 5 -2 12.9371 13.3171 0.0161 866.4742 -150.0001 1 177.8279 1
184.3423 5 -2 4.7236 4.8506 0.0056 866.4744 -150.0001 1 184.3423 1
191.0953 5 -2 12.3926 12.7347 0.0137 866.4741 -150.0000 1 191.0953 1
198.0957 5 -2 3.5817 3.6650 0.0033 866.4739 -150.0000 1 198.0957 1
205.3525 5 -2 7.4047 7.5760 0.0067 866.4733 -150.0001 1 205.3525 1
212.8752 5 -2 9.1429 9.3364 0.0078 866.4742 -150.0000 1 212.8752 1
220.6734 5 -2 8.1520 8.3092 0.0063 866.4737 -150.0000 1 220.6734 1
228.7573 5 -2 4.9976 5.0909 0.0038 866.4736 -150.0000 1 228.7573 1
237.1374 5 -2 9.1402 9.3126 0.0063 866.4739 -150.0001 1 237.1374 1
245.8244 5 -2 9.5526 9.7122 0.0061 866.4741 -150.0000 1 245.8244 1
254.8297 5 -2 1.3765 1.3981 0.0009 866.4738 -149.9997 1 254.8297 1
264.1648 5 -2 5.4647 5.5400 0.0029 866.4744 -150.0000 1 264.1648 1
273.8419 5 -2 7.0126 7.1138 0.0036 866.4734 -150.0000 1 273.8419 1
283.8736 5 -2 7.9093 8.0070 0.0037 866.4746 -150.0000 1 283.8736 1
294.2727 5 -2 4.1226 4.1741 0.0018 866.4740 -149.9999 1 294.2727 1
305.0528 5 -2 8.8856 8.9844 0.0036 866.4743 -149.9999 1 305.0528 1
316.2278 5 -2 4.5596 4.6059 0.0016 866.4736 -150.0001 1 316.2278 1
327.8121 5 -2 4.1057 4.1495 0.0015 866.4737 -150.0000 1 327.8121 1
339.8208 5 -2 5.3640 5.4171 0.0019 866.4741 -149.9997 1 339.8208 1
352.2695 4 108 2.1934 2.2137 0.0007 866.4741 -150.0001 1 352.2695 1
365.1741 5 -2 5.9710 6.0184 0.0018 866.4736 -149.9999 1 365.1741 1
378.5515 5 -2 3.8353 3.8654 0.0011 866.4738 -149.9998 1 378.5515 1
392.4190 4 -2 4.9554 4.9886 0.0010 866.4739 -150.0001 1 392.4190 1
406.7944 4 -2 5.1389 5.1721 0.0011 866.4739 -149.9999 1 406.7944 1
421.6965 5 -2 5.2573 5.2899 0.0011 866.4732 -150.0000 1 421.6965 1
437.1445 5 -2 3.4316 3.4527 0.0006 866.4737 -150.0000 1 437.1445 1
453.1584 4 -2 5.1656 5.1935 0.0009 866.4742 -150.0000 1 453.1584 1
469.7589 4 -2 1.3947 1.4014 0.0002 866.4739 -149.9999 1 469.7589 1
486.9675 4 -2 2.0676 2.0781 0.0004 866.4731 -149.9999 1 486.9675 1
504.8066 4 -2 1.8000 1.8077 0.0003 866.4745 -150.0002 1 504.8066 1
523.2991 4 -2 1.8946 1.9028 0.0004 866.4744 -150.0001 1 523.2991 1
542.4691 4 -2 1.5543 1.5598 0.0004 866.4739 -150.0004 1 542.4691 1
562.3413 4 -2 1.4360 1.4413 0.0002 866.4742 -150.0003 1 562.3413 1
582.9415 4 -2 0.9384 0.9422 0.0001 866.4734 -150.0001 1 582.9415 1
604.2964 4 -2 1.3377 1.3416 0.0003 866.4741 -150.0002 1 604.2964 1
626.4335 4 -2 1.0804 1.0829 0.0002 866.4742 -150.0001 1 626.4335 1
649.3817 4 -2 2.2651 2.2712 0.0001 866.4737 -149.9998 1 649.3817 1
673.1704 4 -2 0.9684 0.9711 0.0002 866.4738 -150.0001 1 673.1704 1
697.8306 4 -2 0.1946 0.1943 0.0001 866.4744 -150.0000 1 697.8306 1
723.3942 4 -2 0.6910 0.6928 0.0001 866.4739 -150.0000 1 723.3942 1
749.8942 4 -2 0.4267 0.4280 0.0001 866.4733 -150.0000 1 749.8942 1
777.3651 4 -2 1.1490 1.1509 0.0004 866.4744 -150.0001 1 777.3651 1
805.8422 4 -2 0.8471 0.8484 0.0001 866.4739 -150.0000 1 805.8422 1
835.3625 4 -2 1.3470 1.3491 0.0000 866.4736 -150.0000 1 835.3625 1
865.9643 4 -2 0.8391 0.8405 0.0001 866.4736 -149.9999 1 865.9643 1
897.6871 4 -2 0.4870 0.4871 0.0001 866.4741 -150.0000 1 897.6871 1
930.5720 4 -2 0.2227 0.2234 0.0001 866.4738 -150.0000 1 930.5720 1
964.6616 4 105 0.2012 0.2018 0.0001 866.4738 -150.0000 1 964.6616 1
1000.0000 4 -2 0.7568 0.7577 0.0001 866.4737 -150.0000 1 1000.0000 1
1036.6329 4 -2 0.5211 0.5210 0.0001 866.4737 -150.0000 1 1036.6329 1
1074.6078 4 -2 0.2964 0.2956 0.0000 866.4742 -150.0000 1 1074.6078 1
1113.9739 4 -2 0.4183 0.4193 0.0001 866.4735 -150.0000 1 1113.9739 1
1154.7820 4 -2 0.5336 0.5342 0.0001 866.4739 -150.0000 1 1154.7820 1
1197.0851 4 -2 0.3151 0.3150 0.0000 866.4740 -150.0000 1 1197.0851 1
1240.9377 4 -2 0.1251 0.1256 0.0000 866.4737 -150.0000 1 1240.9377 1
1286.3970 4 -2 0.5263 0.5277 0.0001 866.4730 -150.0000 1 1286.3970 1
1333.5215 4 -2 0.1379 0.1371 0.0001 866.4739 -150.0000 1 1333.5215 1
1382.3722 4 -2 0.2536 0.2532 0.0000 866.4738 -150.0000 1 1382.3722 1
1433.0126 4 -2 0.3558 0.3552 0.0001 866.4741 -150.0000 1 1433.0126 1
1485.5081 4 -2 0.2794 0.2797 0.0000 866.4737 -150.0000 1 1485.5081 1
1539.9265 4 -2 0.1769 0.1779 0.0001 866.4734 -150.0000 1 1539.9265 1
1596.3385 4 91 0.2011 0.2022 0.0001 866.4736 -150.0000 1 1596.3385 1
1654.8171 4 -2 0.2443 0.2444 0.0000 866.4740 -150.0000 1 1654.8171 1
1715.4379 4 -2 0.2062 0.2064 0.0001 866.4736 -150.0000 1 1715.4379 1
1778.2794 4 -2 0.2684 0.2689 0.0001 866.4738 -150.0000 1 1778.2794 1
1843.4230 4 100 0.1762 0.1769 0.0000 866.4735 -150.0000 1 1843.4230 1
1910.9530 4 -2 0.1525 0.1523 0.0000 866.4736 -150.0000 1 1910.9530 1
1980.9568 4 -2 0.0536 0.0533 0.0000 866.4739 -150.0000 1 1980.9568 1
2053.5251 4 -2 0.2598 0.2604 0.0000 866.4736 -150.0000 1 2053.5251 1
2128.7517 4 -2 0.0624 0.0618 0.0000 866.4741 -150.0000 1 2128.7517 1
2206.7341 4 -2 0.0346 0.0345 0.0000 866.4738 -150.0000 1 2206.7341 1
2287.5732 4 -2 0.1419 0.1423 0.0000 866.4739 -150.0000 1 2287.5732 1
2371.3738 4 -2 0.0452 0.0458 0.0000 866.4737 -150.0000 1 2371.3738 1
2458.2441 4 -2 0.0501 0.0508 0.0002 866.4737 -150.0000 1 2458.2441 1
2548.2966 4 -2 0.1305 0.1311 0.0000 866.4738 -150.0000 1 2548.2966 1
2641.6484 4 -2 0.1104 0.1109 0.0001 866.4738 -150.0000 1 2641.6484 1
2738.4197 4 -2 0.1237 0.1245 0.0001 866.4740 -150.0000 1 2738.4197 1
2838.7361 4 -2 0.0870 0.0867 0.0000 866.4740 -150.0000 1 2838.7361 1
2942.7273 3 -2 0.0020 0.0020 0.0000 866.4736 -150.0000 1 2942.7273 1
3050.5278 4 -2 0.1111 0.1111 0.0001 866.4739 -150.0000 1 3050.5278 1
3162.2776 4 -2 0.0229 0.0232 0.0001 866.4738 -150.0000 1 3162.2776 1
3278.1211 4 -2 0.0756 0.0759 0.0000 866.4738 -150.0000 1 3278.1211 1
3398.2083 4 111 0.0662 0.0664 0.0000 866.4738 -150.0000 1 3398.2083 1
3522.6946 4 -2 0.0459 0.0467 0.0001 866.4741 -150.0000 1 3522.6946 1
3651.7412 4 112 0.0490 0.0485 0.0001 866.4740 -150.0000 1 3651.7412 1
3785.5151 4 -2 0.0390 0.0385 0.0001 866.4740 -150.0000 1 3785.5151 1
3924.1897 4 -2 0.0496 0.0494 0.0000 866.4738 -150.0000 1 3924.1897 1
4067.9443 4 -2 0.0402 0.0406 0.0002 866.4737 -150.0000 1 4067.9443 1
4216.9648 4 -2 0.0553 0.0554 0.0001 866.4738 -150.0000 1 4216.9648 1
4371.4448 3 -2 0.0269 0.0269 0.0000 866.4742 -150.0000 1 4371.4448 1
4531.5835 3 -2 0.0162 0.0162 0.0000 866.4737 -150.0000 1 4531.5835 1
4697.5889 4 -2 0.0424 0.0429 0.0001 866.4738 -150.0000 1 4697.5889 1
4869.6753 4 -2 0.0410 0.0411 0.0001 866.4737 -150.0000 1 4869.6753 1
5048.0659 3 -2 0.0221 0.0221 0.0001 866.4739 -150.0000 1 5048.0659 1
5232.9912 4 -2 0.0323 0.0318 0.0000 866.4738 -150.0000 1 5232.9912 1
5424.6909 3 -2 0.0232 0.0232 0.0000 866.4732 -150.0000 1 5424.6909 1
5623.4131 4 -2 0.0437 0.0444 0.0000 866.4738 -150.0000 1 5623.4131 1
5829.4155 4 -2 0.0376 0.0380 0.0001 866.4736 -150.0000 1 5829.4155 1
6042.9639 3 -2 0.0043 0.0043 0.0000 866.4742 -150.0000 1 6042.9639 1
6264.3354 3 -2 0.0217 0.0217 0.0000 866.4739 -150.0000 1 6264.3354 1
6493.8164 3 -2 0.0053 0.0053 0.0000 866.4735 -150.0000 1 6493.8164 1
6731.7036 3 -2 0.0254 0.0254 0.0000 866.4735 -150.0000 1 6731.7036 1
6978.3057 3 -2 0.0130 0.0130 0.0000 866.4740 -150.0000 1 6978.3057 1
7233.9414 3 -2 0.0033 0.0033 0.0000 866.4744 -150.0000 1 7233.9414 1
7498.9419 3 -2 0.0150 0.0150 0.0001 866.4738 -150.0000 1 7498.9419 1
7773.6504 3 -2 0.0163 0.0163 0.0000 866.4743 -150.0000 1 7773.6504 1
8058.4219 3 -2 0.0121 0.0121 0.0000 866.4734 -150.0000 1 8058.4219 1
8353.6250 3 -2 0.0154 0.0154 0.0000 866.4731 -150.0000 1 8353.6250 1
8659.6436 3 -2 0.0132 0.0132 0.0000 866.4736 -150.0000 1 8659.6436 1
8976.8711 3 -2 0.0066 0.0066 0.0000 866.4739 -150.0000 1 8976.8711 1
9305.7207 3 -2 0.0062 0.0062 0.0000 866.4739 -150.0000 1 9305.7207 1
9646.6162 3 -2 0.0091 0.0091 0.0000 866.4741 -150.0000 1 9646.6162 1
10000.0000 3 -2 0.0067 0.0067 0.0000 866.4737 -150.0000 1 10000.0000 1
