0.022006 4.424504 
2.243598 0.620983 
3.862957 4.439035 
1.686703 1.014229 
0.017709 0.344393 
4.745806 2.171108 
1.114112 3.071685 
2.861072 3.389804 
1.229464 3.248929 
4.727978 1.840968 
2.365583 2.557240 
0.818789 2.394018 
4.736048 3.528554 
2.391542 3.735294 
4.023435 0.747053 
1.279901 0.996395 
0.945175 2.116744 
2.349659 2.009949 
3.512329 2.523604 
2.147067 4.166541 
2.878569 2.305721 
4.725867 0.723702 
3.215951 2.483947 
0.055552 0.337688 
1.215883 3.826817 
2.954758 3.103662 
3.585979 1.476398 
4.122093 0.983698 
0.994571 1.348571 
3.223530 4.691646 
2.763580 2.641530 
3.463312 1.298805 
0.721978 4.664370 
2.862946 2.890104 
1.160479 2.552889 
3.332557 3.428589 
2.832044 0.787314 
4.177860 4.252068 
3.056383 2.965262 
0.166160 3.373623 
1.309693 1.005751 
2.735657 4.179624 
1.465885 1.050537 
3.272625 1.846732 
3.563964 0.677249 
0.589029 1.239069 
1.716499 0.987587 
4.130762 0.702156 
4.205881 0.013965 
2.296234 2.976727 
6.378513 5.847690 
5.953222 7.133330 
8.518314 9.231537 
7.831037 6.510910 
8.931108 7.256002 
7.031320 8.345044 
7.617527 7.481484 
6.047810 6.355634 
5.763351 9.978101 
8.527142 8.542491 
6.582784 6.233000 
5.938145 9.183584 
6.432073 8.303049 
6.779689 7.120694 
9.617208 5.533552 
6.944364 7.991343 
9.640554 9.074190 
5.727924 7.435292 
5.945076 6.140596 
9.290670 9.957914 
6.808165 9.352279 
7.311773 6.140886 
7.828284 5.298075 
5.461012 6.970293 
8.134467 6.496271 
8.061492 9.769650 
5.528852 9.338413 
9.350439 9.655275 
6.800023 8.014211 
5.435138 9.040200 
6.532598 9.544281 
8.275686 8.871942 
8.450188 7.210804 
9.995668 8.246799 
8.700412 5.443033 
6.182668 7.168303 
8.756178 9.825236 
8.896361 5.363395 
9.949731 5.890651 
9.286478 8.090056 
8.129154 9.019201 
7.426075 8.433579 
8.267895 5.402586 
6.411890 5.387314 
9.890469 7.110343 
8.689730 5.732965 
8.176514 7.862210 
9.872746 5.305630 
8.662074 6.984450 
6.131648 7.880443 
7.515054 1.132454 
9.486967 4.513800 
6.946298 2.823371 
9.558575 2.391479 
6.238778 0.696219 
7.964495 1.639000 
6.940710 3.391584 
8.564056 3.825159 
5.883241 4.022789 
7.425212 2.213855 
8.976820 0.527233 
6.726650 3.833046 
5.770107 0.188989 
5.669593 0.376826 
9.794782 2.128051 
5.413099 3.527233 
5.529104 4.439541 
7.398966 1.799202 
9.581828 2.810821 
9.474341 2.847606 
5.268913 0.031080 
7.379175 2.944163 
8.785746 1.155252 
6.728195 1.549597 
9.021335 2.198850 
7.879820 3.579869 
5.783372 0.441394 
6.912422 3.941124 
5.416016 0.102830 
6.145183 1.238064 
8.350114 4.368856 
7.303549 1.379101 
7.739195 2.373236 
6.155862 4.451080 
9.682233 2.024197 
8.396803 1.432060 
7.437671 3.138712 
9.081878 4.178223 
9.950208 3.060526 
7.004920 3.215760 
7.737622 2.446225 
6.064073 2.088548 
9.177976 0.224397 
9.142220 2.344488 
9.177990 1.184461 
9.464613 0.016961 
8.809418 2.591933 
8.522173 1.285391 
6.718965 0.059868 
8.726917 3.732568 
4.293177 6.583982 
3.035994 9.343445 
3.294616 8.689674 
0.714772 8.625310 
1.959115 8.666211 
3.070076 7.064606 
3.650245 7.848955 
2.731706 7.334392 
2.518108 8.657072 
4.243906 7.080175 
3.515436 9.610085 
0.176334 6.983151 
3.988771 5.384091 
4.634204 6.787012 
0.553793 5.495545 
2.893308 6.448334 
2.781223 8.096499 
2.734131 5.876634 
1.957698 6.666440 
0.568619 5.627719 
0.260520 7.462802 
4.229008 5.734667 
1.426802 8.347506 
3.529290 8.658606 
3.570346 7.162326 
3.694138 8.754081 
1.117010 8.537601 
3.776447 5.998568 
0.842627 6.029529 
1.243344 8.929502 
0.664697 8.296638 
4.396484 7.660158 
4.573066 7.774389 
3.420510 6.005780 
3.375069 9.894535 
2.419785 6.927117 
0.531395 9.804700 
2.530231 7.333603 
0.782673 9.920192 
2.368322 7.030984 
2.538015 8.889981 
3.553232 8.998624 
3.778255 9.827598 
4.728931 5.396785 
4.223812 6.066275 
3.812116 5.811983 
4.302383 8.145280 
3.461474 9.921709 
3.904038 8.954197 
3.554360 8.236368 
