0.0524 16 1016.0928
0.0549 15 1487.2092
0.0575 15 1043.0656
0.0603 15 755.4803
0.0632 16 1260.6228
0.0662 15 383.7389
0.0694 15 1234.2950
0.0727 15 1672.8726
0.0762 15 1522.8894
0.0798 14 1553.6954
0.0837 14 1379.7943
0.0877 15 1526.9685
0.0919 15 1080.7136
0.0963 14 721.5979
0.1009 16 1057.1289
0.1057 14 738.6274
0.1108 15 1377.7689
0.1161 15 1744.5518
0.1217 15 681.0355
0.1275 15 1514.8523
0.1336 15 1749.4636
0.1400 16 734.9208
0.1467 16 733.7499
0.1538 15 753.3757
0.1611 16 713.0348
0.1689 15 582.3548
0.1769 15 796.8245
0.1854 15 890.0779
0.1943 16 946.5012
0.2036 16 1058.7135
0.2134 15 684.5328
0.2236 16 748.6101
0.2343 15 371.3668
0.2456 16 1040.6687
0.2573 21 1118.6100
0.2696 16 397.4348
0.2826 16 1238.9823
0.2961 16 1095.7013
0.3103 15 1184.2915
0.3252 16 1383.0820
0.3408 15 1364.0881
0.3571 16 1190.5847
0.3742 15 1124.5225
0.3921 16 528.2462
0.4109 15 660.7603
0.4306 16 455.1624
0.4512 15 1014.5353
0.4729 15 643.6899
0.4955 16 830.4937
0.5193 15 630.5453
0.5442 15 714.5503
0.5702 16 684.6266
0.5976 16 967.6013
0.6262 16 455.9315
0.6562 16 907.6262
0.6877 16 415.0651
0.7206 16 1156.3450
0.7551 16 861.8952
0.7913 16 1137.9883
0.8293 16 748.5488
0.8690 16 981.7333
0.9106 16 1018.8044
0.9543 16 541.2037
1.0000 16 1099.3243
1.0479 15 525.1113
1.0981 15 913.8059
1.1508 16 1239.0739
1.2059 15 651.8912
1.2637 16 624.5485
1.3243 16 1590.9031
1.3877 16 573.5670
1.4542 16 836.6344
1.5239 16 973.8555
1.5969 15 658.6093
1.6735 -2 1535.4686
1.7537 16 955.9928
1.8377 15 626.7903
1.9258 16 884.8124
2.0180 15 1011.6918
2.1147 15 1337.1599
2.2161 -2 1196.8842
2.3223 15 1232.6146
2.4336 15 898.7569
2.5502 15 1126.7880
2.6724 15 881.4229
2.8005 15 1047.1720
2.9347 -2 1543.5566
3.0753 15 1228.5477
3.2227 -2 840.3231
3.3771 -2 679.0844
3.5389 15 668.0880
3.7085 -2 1617.8066
3.8862 15 1140.4150
4.0725 15 330.0886
4.2676 -2 824.5139
4.4721 -2 630.1346
4.6864 -2 533.8812
4.9110 15 788.4943
5.1464 18 1254.0028
5.3930 -2 865.4294
5.6514 -2 872.6769
5.9222 -2 663.9189
6.2060 -2 925.6948
6.5034 -2 736.2734
6.8151 -2 865.1838
7.1417 -2 749.0073
7.4839 -2 824.2279
7.8426 -2 1023.0168
8.2184 -2 620.6752
8.6122 14 877.2473
9.0249 15 1041.5620
9.4574 15 1832.9222
9.9106 15 881.4135
10.3856 14 1084.0370
10.8832 -2 933.6964
11.4048 -2 1099.1871
11.9513 15 1855.4670
12.5240 -2 1081.3245
13.1242 -2 2048.1917
13.7531 -2 1334.9125
14.4122 -2 1245.7213
15.1028 -2 1305.5647
15.8266 -2 1368.1387
16.5850 -2 1433.8499
17.3798 -2 1502.5837
18.2126 -2 1574.6603
19.0854 17 1650.1051
20.0000 -2 1729.2588
