T=0.052[H]  T=0.052[J]T=0.111[H]  T=0.111[J]T=0.234[H]  T=0.234[J]T=0.496[H]  T=0.496[J]T=1.048[H]  T=1.048[J]T=2.216[H]  T=2.216[J]T=4.686[H]  T=4.686[J]T=9.911[H]  T=9.911[J]
-98.174 1384.292 -96.298 1233.085 -96.823 1323.976 -82.670 849.921 -90.369 607.483 -69.684 525.198 -97.140 692.550 -97.229 272.568 
-87.312 197.693 -90.205 196.208 -95.143 190.871 -75.411 90.355 -80.563 65.145 -85.889 -17.580 -97.690 -249.572 -98.901 -763.379 
-55.203 115.924 -62.552 122.208 -74.964 124.622 -63.243 47.657 -71.984 44.642 -80.857 -49.620 -95.197 -258.430 -98.973 -763.931 
-37.660 68.760 -42.455 66.821 -56.814 63.203 -62.042 46.218 -66.896 36.333 -77.188 -62.750 -91.763 -268.832 -99.027 -764.032 
-36.346 62.224 -39.554 59.511 -50.939 56.927 -60.720 45.328 -63.639 25.429 -75.470 -69.931 -88.971 -275.068 -99.063 84.799 
-35.785 60.218 -38.393 57.676 -45.798 53.333 -58.322 43.700 -62.096 14.344 -75.006 -72.392 -87.609 -276.732 -94.629 74.492 
-35.451 59.412 -37.902 57.075 -43.353 52.050 -55.228 41.706 -61.926 9.904 -75.052 -73.148 -87.120 76.051 -81.513 28.701 
-35.246 59.066 -37.673 56.848 -42.512 60.431 -52.702 40.345 -62.001 8.700 -75.226 -73.461 -66.900 44.722 -70.536 -6.736 
-35.120 60.508 -37.555 60.355 -34.470 59.596 -51.299 39.833 -62.105 8.413 -75.401 -73.634 -64.427 38.036 -68.480 -10.405 
-33.042 60.396 -33.458 60.124 -34.130 59.871 -50.666 61.417 -62.200 64.707 -75.548 -73.742 -64.264 50.795 -68.000 -10.622 
-33.042 60.396 -33.458 60.124 -33.597 59.861 -36.795 58.649 -42.332 57.250 -75.667 71.174 -62.029 50.485 -67.772 17.979 
-33.042 60.396 -33.458 60.124 -33.597 59.861 -35.894 59.088 -39.737 55.770 -56.972 56.817 -61.515 50.152 -62.839 16.936 
-33.042 60.396 -33.458 60.124 -33.597 59.861 -34.766 59.041 -38.988 57.295 -51.839 52.878 -60.287 49.317 -61.810 16.562 
-33.042 60.396 -33.458 60.124 -33.597 59.861 -34.766 59.041 -37.031 57.217 -47.581 50.129 -57.758 47.588 -61.119 16.374 
-33.042 60.396 -33.458 60.124 -33.597 59.861 -34.766 59.041 -37.031 57.217 -45.504 49.160 -54.203 45.220 -60.667 28.780 
-33.042 60.396 -33.458 60.124 -33.597 59.861 -34.766 59.041 -37.031 57.217 -44.740 53.203 -51.219 43.503 -57.011 28.352 
-33.042 60.396 -33.458 60.124 -33.597 59.861 -34.766 59.041 -37.031 57.217 -41.429 53.011 -49.615 42.869 -56.325 35.366 
-33.042 60.396 -33.458 60.124 -33.597 59.861 -34.766 59.041 -37.031 57.217 -41.429 53.011 -48.933 47.490 -53.460 35.126 
-33.042 60.396 -33.458 60.124 -33.597 59.861 -34.766 59.041 -37.031 57.217 -41.429 53.011 -46.018 47.312 -52.976 39.704 
-33.042 60.396 -33.458 60.124 -33.597 59.861 -34.766 59.041 -37.031 57.217 -41.429 53.011 -46.018 47.312 -50.784 39.586 
T=0.052[H]  T=0.052[J]T=0.111[H]  T=0.111[J]T=0.234[H]  T=0.234[J]T=0.496[H]  T=0.496[J]T=1.048[H]  T=1.048[J]T=2.216[H]  T=2.216[J]T=4.686[H]  T=4.686[J]T=9.911[H]  T=9.911[J]
-71.874 3853607.500 -79.678 4883197.000 -60.618 2786306.000 -83.504 2722516.750 -65.562 2447834.000 -56.448 2739904.000 -75.143 4012546.500 -62.886 2917605.000 
-43.003 1334605.000 -52.466 1542488.625 -55.015 1511958.000 -64.462 1917216.000 -39.229 1128647.875 -41.321 1276137.750 -55.749 1619446.250 -38.487 1094928.125 
-32.796 959781.375 -34.833 998382.063 -56.274 1444027.125 -40.013 1124270.125 -32.143 930894.438 -32.620 956451.375 -37.314 1043186.063 -31.450 919780.688 
-31.123 912622.625 -31.444 915605.500 -55.616 1393536.500 -32.306 929871.938 -31.101 911055.438 -31.096 912544.625 -31.927 921410.313 -30.956 909398.750 
-30.920 909294.625 -30.989 909474.938 -46.092 1231908.000 -31.131 910718.125 -30.937 909200.375 -30.918 909259.688 -31.095 910137.750 -30.919 908780.688 
-30.893 909036.625 -30.913 909051.000 -33.917 987710.125 -30.943 909178.625 -30.905 909003.563 -30.897 908976.125 -30.950 909029.375 -30.920 908713.750 
-30.890 909011.313 -30.897 909011.125 -31.221 919405.250 -30.906 909018.188 -30.897 908980.625 -30.896 908945.125 -30.919 908888.313 -30.922 908705.375 
-30.890 909008.938 -30.892 909007.563 -30.904 910389.375 -30.896 908997.875 -30.895 908978.000 -30.897 908942.188 -30.910 908868.938 -30.923 908703.688 
-30.890 909010.125 -30.891 909006.625 -30.878 909198.250 -30.893 908995.500 -30.894 909005.688 -30.897 908941.250 -30.908 908865.750 -30.923 908968.875 
-30.890 909009.813 -30.891 909010.063 -30.883 909030.813 -30.892 909008.250 -30.891 909005.875 -30.898 909000.813 -30.907 908865.250 -30.895 908968.063 
-30.890 909009.813 -30.890 909009.938 -30.888 909006.875 -30.891 909007.875 -30.891 909005.875 -30.891 909000.625 -30.906 908990.750 -30.895 908968.063 
-30.890 909009.813 -30.890 909009.938 -30.890 909003.438 -30.891 909007.875 -30.891 909005.875 -30.891 909000.625 -30.893 908990.188 -30.895 908968.063 
-30.890 909009.813 -30.890 909009.938 -30.891 909002.375 -30.891 909007.875 -30.891 909005.875 -30.891 909000.625 -30.893 908990.188 -30.895 908968.063 
-30.890 909009.813 -30.890 909009.938 -30.891 909008.875 -30.891 909007.875 -30.891 909005.875 -30.891 909000.625 -30.893 908990.188 -30.895 908968.063 
-30.890 909009.813 -30.890 909009.938 -30.890 909008.875 -30.891 909007.875 -30.891 909005.875 -30.891 909000.625 -30.893 908990.188 -30.895 908968.063 
-30.890 909009.813 -30.890 909009.938 -30.890 909008.875 -30.891 909007.875 -30.891 909005.875 -30.891 909000.625 -30.893 908990.188 -30.895 908968.063 
-30.890 909009.813 -30.890 909009.938 -30.890 909008.875 -30.891 909007.875 -30.891 909005.875 -30.891 909000.625 -30.893 908990.188 -30.895 908968.063 
-30.890 909009.813 -30.890 909009.938 -30.890 909008.875 -30.891 909007.875 -30.891 909005.875 -30.891 909000.625 -30.893 908990.188 -30.895 908968.063 
-30.890 909009.813 -30.890 909009.938 -30.890 909008.875 -30.891 909007.875 -30.891 909005.875 -30.891 909000.625 -30.893 908990.188 -30.895 908968.063 
-30.890 909009.813 -30.890 909009.938 -30.890 909008.875 -30.891 909007.875 -30.891 909005.875 -30.891 909000.625 -30.893 908990.188 -30.895 908968.063 
T=0.052[H]  T=0.052[J]T=0.111[H]  T=0.111[J]T=0.234[H]  T=0.234[J]T=0.496[H]  T=0.496[J]T=1.048[H]  T=1.048[J]T=2.216[H]  T=2.216[J]T=4.686[H]  T=4.686[J]T=9.911[H]  T=9.911[J]
-86.292 820.650 -91.708 1133.582 -98.808 1944.189 -95.983 659.154 -88.605 729.284 -88.746 635.723 -82.654 896.223 -95.128 619.139 
-86.532 193.515 -70.797 141.518 -94.769 190.004 -83.531 136.760 -95.710 108.661 -84.556 -36.804 -98.912 -245.108 -99.985 92.710 
-51.008 101.501 -43.571 66.742 -73.976 122.936 -67.882 91.059 -82.144 60.500 -79.929 -51.028 -97.901 -248.442 -99.904 92.509 
-38.706 65.885 -39.628 58.942 -55.475 62.527 -60.614 77.741 -68.338 13.971 -77.062 -60.973 -96.322 -253.067 -99.507 91.257 
-36.568 61.052 -38.342 57.425 -49.314 55.835 -57.301 74.333 -65.776 9.325 -75.481 -68.623 -94.206 -258.872 -97.650 85.539 
-35.720 59.662 -37.849 56.969 -44.892 52.800 -53.678 65.440 -64.837 8.862 -74.953 -71.894 -91.832 -265.070 -91.286 66.166 
-35.354 59.161 -37.635 60.410 -43.042 51.946 -50.853 50.204 -64.138 8.622 -74.966 -72.951 -89.696 -270.433 -80.129 33.685 
-35.171 60.550 -33.497 60.146 -42.419 60.400 -50.699 43.089 -63.592 8.474 -75.143 -73.363 -88.225 -273.833 -71.158 12.714 
-33.069 60.414 -33.497 60.146 -34.449 59.591 -50.675 40.769 -63.191 65.651 -75.332 -73.575 -87.447 -275.465 -67.345 -0.280 
-33.069 60.414 -33.497 60.146 -34.127 59.872 -50.535 40.017 -43.601 58.129 -75.493 -73.704 -87.108 -276.198 -66.294 -7.673 
-33.069 60.414 -33.497 60.146 -33.598 59.861 -50.412 61.382 -40.137 55.943 -75.623 71.115 -86.977 -276.561 -66.214 -9.926 
-33.069 60.414 -33.497 60.146 -33.598 59.861 -36.715 58.637 -39.094 57.317 -56.728 56.652 -86.928 -276.756 -66.361 -10.481 
-33.069 60.414 -33.497 60.146 -33.598 59.861 -35.913 59.109 -37.056 57.219 -51.531 52.666 -86.909 -276.866 -66.541 -10.623 
-33.069 60.414 -33.497 60.146 -33.598 59.861 -34.795 59.053 -37.056 57.219 -47.395 50.023 -86.902 75.217 -66.699 17.517 
-33.069 60.414 -33.497 60.146 -33.598 59.861 -34.795 59.053 -37.056 57.219 -45.431 49.137 -66.671 44.326 -61.703 16.524 
-33.069 60.414 -33.497 60.146 -33.598 59.861 -34.795 59.053 -37.056 57.219 -44.715 53.197 -64.119 37.825 -60.972 16.339 
-33.069 60.414 -33.497 60.146 -33.598 59.861 -34.795 59.053 -37.056 57.219 -41.421 53.010 -63.577 37.482 -60.565 28.744 
-33.069 60.414 -33.497 60.146 -33.598 59.861 -34.795 59.053 -37.056 57.219 -41.421 53.010 -62.699 36.890 -56.936 28.333 
-33.069 60.414 -33.497 60.146 -33.598 59.861 -34.795 59.053 -37.056 57.219 -41.421 53.010 -61.167 35.869 -56.284 35.355 
-33.069 60.414 -33.497 60.146 -33.598 59.861 -34.795 59.053 -37.056 57.219 -41.421 53.010 -59.051 34.536 -53.438 35.122 
