0.12 0.64 0.35 0.44 
0.06 0.32 0.51 0.87 
0.70 0.44 0.48 0.60 
0.12 0.31 0.40 0.92 
0.54 0.95 0.10 0.12 
0.68 0.57 0.22 0.12 
0.53 0.62 0.63 0.49 
0.76 0.66 0.55 0.85 
0.01 0.85 0.93 0.86 
0.33 0.09 0.07 0.33 
0.47 0.78 0.57 0.73 
0.57 0.76 0.91 0.34 
0.92 0.04 0.27 0.94 
0.33 0.96 0.62 0.47 
0.35 0.88 0.32 0.77 
0.89 0.99 0.79 0.78 
0.13 0.53 0.74 0.56 
0.96 0.17 0.79 0.24 
0.10 0.59 0.39 0.81 
0.91 0.10 0.70 0.01 
0.19 0.97 0.30 0.39 
0.59 0.76 0.24 0.40 
0.95 0.61 0.31 0.44 
0.30 0.09 0.55 0.27 
0.09 0.82 0.78 0.50 
0.18 0.67 0.07 0.71 
0.89 0.14 0.78 0.20 
0.69 0.92 0.14 0.29 
0.16 0.55 0.40 0.92 
0.62 0.53 0.94 0.78 
0.69 0.19 0.72 0.83 
0.13 0.00 0.95 0.65 
0.66 0.37 0.96 0.80 
0.36 0.35 0.81 0.50 
0.90 0.35 0.14 0.37 
0.00 0.56 0.73 0.31 
0.32 0.09 0.25 0.17 
0.02 0.06 0.91 0.69 
0.33 0.53 0.73 0.34 
0.83 0.66 0.10 0.73 
0.82 0.58 0.47 0.18 
0.70 0.57 0.33 0.60 
0.44 0.55 0.13 0.46 
0.38 0.90 0.73 0.87 
0.45 0.57 0.72 0.85 
0.25 0.07 0.01 0.80 
0.38 0.82 0.97 0.55 
0.67 0.34 0.12 0.07 
0.90 0.21 0.82 0.61 
0.10 0.27 0.63 0.26 
