[0] T=0.05 0.05 0.05 0.05 0.05 0.05 0.05 0.05 0.05 0.01  e=14
[1] T=0.05 0.05 0.05 0.05 0.05 0.05 0.05 0.05 0.05 0.05 0.01  e=14
[2] T=0.06 0.06 0.06 0.06 0.06 0.06 0.06 0.06 0.06 0.06 0.06 0.01  e=16
[3] T=0.06 0.06 0.06 0.06 0.06 0.06 0.06 0.01  e=15
[4] T=0.06 0.06 0.06 0.06 0.06 0.06 0.06 0.01  e=15
[5] T=0.07 0.07 0.07 0.07 0.07 0.07 0.07 0.07 0.01  e=16
[6] T=0.07 0.07 0.07 0.07 0.07 0.07 0.07 0.07 0.01  e=15
[7] T=0.07 0.07 0.07 0.07 0.07 0.07 0.07 0.01  e=16
[8] T=0.08 0.08 0.08 0.08 0.08 0.08 0.08 0.08 0.08 0.08 0.01  e=15
[9] T=0.08 0.08 0.08 0.08 0.08 0.08 0.08 0.01  e=15
[10] T=0.08 0.08 0.08 0.08 0.08 0.08 0.08 0.01  e=15
[11] T=0.09 0.09 0.09 0.09 0.09 0.09 0.09 0.09 0.09 0.09 0.01  e=14
[12] T=0.09 0.09 0.09 0.09 0.09 0.09 0.09 0.09 0.01  e=16
[13] T=0.10 0.10 0.10 0.10 0.10 0.10 0.10 0.01  e=15
[14] T=0.10 0.10 0.10 0.10 0.10 0.10 0.10 0.10 0.01  e=15
[15] T=0.11 0.11 0.11 0.11 0.11 0.11 0.01  e=16
[16] T=0.11 0.11 0.11 0.11 0.11 0.11 0.11 0.11 0.01  e=15
[17] T=0.12 0.12 0.12 0.12 0.12 0.12 0.12 0.12 0.12 0.12 0.12 0.12 0.02  e=15
[18] T=0.12 0.12 0.12 0.12 0.12 0.12 0.12 0.12 0.02  e=15
[19] T=0.13 0.13 0.13 0.13 0.13 0.13 0.13 0.13 0.13 0.02  e=15
[20] T=0.13 0.13 0.13 0.13 0.13 0.13 0.13 0.13 0.02  e=15
[21] T=0.14 0.14 0.14 0.14 0.14 0.14 0.14 0.14 0.02  e=15
[22] T=0.15 0.15 0.15 0.15 0.15 0.15 0.15 0.02  e=15
[23] T=0.15 0.15 0.15 0.15 0.15 0.15 0.15 0.15 0.02  e=15
[24] T=0.16 0.16 0.16 0.16 0.16 0.16 0.16 0.16 0.16 0.16 0.16 0.02  e=16
[25] T=0.17 0.17 0.17 0.17 0.17 0.17 0.17 0.17 0.02  e=15
[26] T=0.18 0.18 0.18 0.18 0.18 0.18 0.18 0.18 0.18 0.18 0.18 0.02  e=15
[27] T=0.19 0.19 0.19 0.19 0.19 0.19 0.19 0.19 0.19 0.19 0.03  e=15
[28] T=0.19 0.19 0.19 0.19 0.19 0.19 0.19 0.19 0.19 0.03 0.03 0.02  e=15
[29] T=0.20 0.20 0.20 0.20 0.20 0.20 0.20 0.20 0.20 0.03  e=16
[30] T=0.21 0.21 0.21 0.21 0.21 0.21 0.21 0.21 0.21 0.21 0.03 0.03 0.02  e=16
[31] T=0.22 0.22 0.22 0.22 0.22 0.03  e=17
[32] T=0.23 0.23 0.23 0.23 0.23 0.23 0.23 0.23 0.23 0.03 0.03 0.02  e=15
[33] T=0.25 0.25 0.25 0.25 0.25 0.25 0.25 0.25 0.03 0.03 0.02  e=15
[34] T=0.26 0.26 0.26 0.26 0.26 0.26 0.26 0.03 0.03 0.02  e=16
[35] T=0.27 0.27 0.27 0.27 0.27 0.27 0.04 0.04 0.02  e=16
[36] T=0.28 0.28 0.28 0.28 0.28 0.28 0.28 0.28 0.28 0.28 0.04 0.04 0.03  e=16
[37] T=0.30 0.30 0.30 0.30 0.30 0.30 0.30 0.04 0.04 0.03  e=16
[38] T=0.31 0.31 0.31 0.31 0.31 0.31 0.31 0.31 0.31 0.31 0.31 0.04 0.04 0.03  e=15
[39] T=0.33 0.33 0.33 0.33 0.33 0.33 0.33 0.04 0.04 0.03  e=16
[40] T=0.34 0.34 0.34 0.34 0.34 0.34 0.34 0.34 0.34 0.05 0.05 0.03  e=16
[41] T=0.36 0.36 0.36 0.36 0.36 0.36 0.36 0.36 0.36 0.05 0.05 0.03  e=15
[42] T=0.37 0.37 0.37 0.37 0.37 0.37 0.37 0.37 0.05 0.05 0.03  e=16
[43] T=0.39 0.39 0.39 0.39 0.39 0.39 0.39 0.05 0.05 0.04  e=16
[44] T=0.41 0.41 0.41 0.41 0.41 0.41 0.41 0.41 0.41 0.06 0.06 0.04  e=16
[45] T=0.43 0.43 0.43 0.43 0.43 0.43 0.43 0.43 0.43 0.06 0.06 0.04  e=16
[46] T=0.45 0.45 0.45 0.45 0.45 0.45 0.45 0.45 0.06 0.06 0.04  e=15
[47] T=0.47 0.47 0.47 0.47 0.47 0.47 0.47 0.47 0.47 0.06 0.06 0.04  e=16
[48] T=0.50 0.50 0.50 0.50 0.50 0.50 0.50 0.50 0.50 0.07 0.07 0.05  e=15
[49] T=0.52 0.52 0.52 0.52 0.52 0.52 0.52 0.52 0.52 0.52 0.07 0.07 0.05  e=16
[50] T=0.54 0.54 0.54 0.54 0.54 0.54 0.54 0.54 0.07 0.07 0.07 0.05  e=16
[51] T=0.57 0.57 0.57 0.57 0.57 0.57 0.57 0.08 0.08 0.05  e=16
[52] T=0.60 0.60 0.60 0.60 0.60 0.60 0.60 0.60 0.60 0.60 0.60 0.08 0.08 0.08 0.06  e=16
[53] T=0.63 0.63 0.63 0.63 0.63 0.63 0.63 0.08 0.08 0.08 0.06  e=16
[54] T=0.66 0.66 0.66 0.66 0.66 0.66 0.66 0.66 0.66 0.66 0.66 0.66 0.09 0.09 0.09 0.06  e=16
[55] T=0.69 0.69 0.69 0.69 0.69 0.69 0.69 0.69 0.69 0.69 0.69 0.69 0.09 0.09 0.09 0.06  e=16
[56] T=0.72 0.72 0.72 0.72 0.72 0.72 0.72 0.72 0.72 0.72 0.72 0.10 0.10 0.10 0.07  e=16
[57] T=0.76 0.76 0.76 0.76 0.76 0.76 0.76 0.76 0.10 0.10 0.10 0.07  e=16
[58] T=0.79 0.79 0.79 0.79 0.79 0.79 0.79 0.11 0.11 0.11 0.07  e=16
[59] T=0.83 0.83 0.83 0.83 0.83 0.83 0.83 0.83 0.83 0.83 0.83 0.11 0.11 0.11 0.08  e=16
[60] T=0.87 0.87 0.87 0.87 0.87 0.87 0.87 0.87 0.12 0.12 0.12 0.08  e=16
[61] T=0.91 0.91 0.91 0.91 0.91 0.91 0.91 0.91 0.91 0.91 0.12 0.12 0.12 0.08  e=16
[62] T=0.95 0.95 0.95 0.95 0.95 0.95 0.95 0.95 0.95 0.95 0.95 0.95 0.95 0.95 0.13 0.13 0.13 0.09  e=15
[63] T=1.00 1.00 1.00 1.00 1.00 1.00 1.00 0.14 0.14 0.14 0.09  e=16
[64] T=1.05 1.05 1.05 1.05 1.05 1.05 1.05 0.14 0.14 0.14 0.10  e=16
[65] T=1.10 1.10 1.10 1.10 1.10 1.10 1.10 1.10 0.15 0.15 0.15 0.10  e=15
[66] T=1.15 1.15 1.15 1.15 1.15 1.15 1.15 1.15 1.15 0.16 0.16 0.16 0.11  e=15
[67] T=1.21 1.21 1.21 1.21 1.21 1.21 1.21 1.21 0.16 0.16 0.16 0.11  e=15
[68] T=1.26 1.26 1.26 1.26 1.26 1.26 1.26 1.26 1.26 1.26 1.26 0.17 0.17 0.17 0.17 0.12  e=16
[69] T=1.32 1.32 1.32 1.32 1.32 1.32 0.18 0.18 0.18 0.18 0.12  e=16
[70] T=1.39 1.39 1.39 1.39 1.39 1.39 1.39 1.39 1.39 0.19 0.19 0.19 0.19 0.13  e=16
[71] T=1.45 1.45 1.45 1.45 1.45 1.45 1.45 1.45 0.20 0.20 0.20 0.20 0.13  e=16
[72] T=1.52 1.52 1.52 1.52 1.52 1.52 1.52 1.52 0.21 0.21 0.21 0.21 0.14  e=16
[73] T=1.60 1.60 1.60 1.60 1.60 1.60 0.22 0.22 0.22 0.22 0.22 0.15  e=16
[74] T=1.67 1.67 1.67 1.67 1.67 0.23 0.23 0.23 0.23 0.23 0.16  e=16
[75] T=1.75 1.75 1.75 1.75 1.75 1.75 1.75 1.75 1.75 1.75 1.75 1.75 0.24 0.24 0.24 0.24 0.16  e=15
[76] T=1.84 1.84 1.84 1.84 1.84 0.25 0.25 0.25 0.25 0.25 0.17  e=16
[77] T=1.93 1.93 1.93 1.93 1.93 1.93 1.93 1.93 0.26 0.26 0.26 0.26 0.26 0.18  e=16
[78] T=2.02 2.02 2.02 2.02 2.02 2.02 2.02 2.02 2.02 2.02 2.02 0.27 0.27 0.27 0.27 0.27 0.19  e=15
[79] T=2.11 2.11 2.11 2.11 2.11 0.29 0.29 0.29 0.29 0.29 0.29 0.20  e=16
[80] T=2.22 2.22 2.22 2.22 2.22 2.22 2.22 2.22 0.30 0.30 0.30 0.30 0.30 0.30 0.21  e=15
[81] T=2.32 2.32 2.32 2.32 2.32 2.32 2.32 2.32 0.31 0.31 0.31 0.31 0.31 0.31 0.22  e=15
[82] T=2.43 2.43 2.43 2.43 2.43 2.43 2.43 2.43 0.33 0.33 0.33 0.33 0.33 0.23  e=15
[83] T=2.55 2.55 2.55 2.55 2.55 2.55 2.55 2.55 2.55 0.35 0.35 0.35 0.35 0.35 0.35 0.24  e=15
[84] T=2.67 2.67 2.67 2.67 2.67 2.67 2.67 2.67 2.67 2.67 2.67 2.67 2.67 0.36 0.36 0.36 0.36 0.36 0.36 0.25  e=15
[85] T=2.80 2.80 2.80 2.80 2.80 2.80 2.80 2.80 2.80 0.38 0.38 0.38 0.38 0.38 0.38 0.38 0.26  e=15
[86] T=2.93 2.93 2.93 2.93 2.93 2.93 0.40 0.40 0.40 0.40 0.40 0.40 0.40 0.40 0.27 0.27 0.21  e=16
[87] T=3.08 3.08 3.08 3.08 3.08 3.08 3.08 3.08 3.08 3.08 0.42 0.42 0.42 0.42 0.42 0.42 0.42 0.29  e=15
[88] T=3.22 3.22 3.22 3.22 3.22 3.22 3.22 3.22 0.44 0.44 0.44 0.44 0.44 0.44 0.44 0.30  e=15
[89] T=3.38 3.38 3.38 3.38 3.38 3.38 3.38 3.38 3.38 3.38 3.38 0.46 0.46 0.46 0.46 0.46 0.46 0.46 0.31 0.31  e=-2
[90] T=3.54 3.54 3.54 3.54 3.54 3.54 3.54 0.48 0.48 0.48 0.48 0.48 0.48 0.48 0.48 0.33 0.33 0.25  e=15
[91] T=3.71 3.71 3.71 3.71 3.71 3.71 3.71 3.71 0.50 0.50 0.50 0.50 0.50 0.50 0.50 0.50 0.34 0.34 0.27  e=15
[92] T=3.89 3.89 3.89 3.89 3.89 3.89 3.89 3.89 3.89 3.89 0.53 0.53 0.53 0.53 0.53 0.53 0.53 0.53 0.36 0.36  e=-2
[93] T=4.07 4.07 4.07 4.07 4.07 4.07 4.07 4.07 4.07 4.07 4.07 0.55 0.55 0.55 0.55 0.55 0.55 0.55 0.55 0.38  e=-2
[94] T=4.27 4.27 4.27 4.27 4.27 4.27 4.27 4.27 4.27 4.27 0.58 0.58 0.58 0.58 0.5
8 0.58 0.58 0.58 0.40 0.40  e=-2
[95] T=4.47 4.47 4.47 4.47 4.47 4.47 4.47 4.47 4.47 0.61 0.61 0.61 0.61 0.61 0.6
1 0.61 0.61 0.61 0.41 0.41  e=-2
[96] T=4.69 4.69 4.69 4.69 4.69 4.69 4.69 4.69 4.69 4.69 4.69 0.63 0.63 0.63 0.6
3 0.63 0.63 0.63 0.63 0.63  e=-2
[97] T=4.91 4.91 4.91 4.91 4.91 4.91 4.91 0.66 0.66 0.66 0.66 0.66 0.66 0.66 0.6
6 0.66 0.66 0.46 0.46 0.35  e=15
[98] T=5.15 5.15 5.15 5.15 5.15 5.15 5.15 5.15 0.70 0.70 0.70 0.48 0.48 0.48 0.4
8 0.48 0.48 0.48 0.48 0.48  e=-2
[99] T=5.39 5.39 5.39 5.39 5.39 5.39 5.39 5.39 5.39 5.39 0.73 0.73 0.73 0.50 0.5
0 0.50 0.50 0.50 0.50 0.50  e=-2
[100] T=5.65 5.65 5.65 5.65 5.65 5.65 5.65 5.65 5.65 5.65 5.65 5.65 5.65 5.65 0.
76 0.76 0.76 0.76 0.76 0.76  e=-2
[101] T=5.92 5.92 5.92 5.92 5.92 5.92 5.92 5.92 5.92 5.92 5.92 5.92 5.92 5.92 0.
80 0.80 0.80 0.80 0.80 0.80  e=-2
[102] T=6.21 6.21 6.21 6.21 6.21 6.21 6.21 0.84 0.84 0.84 0.58  e=18
[103] T=6.50 6.50 6.50 6.50 6.50 6.50 6.50 6.50 6.50 6.50 0.88 0.88 0.88 0.88 0.
88 0.88 0.88 0.88 0.88 0.88  e=-2
[104] T=6.82 6.82 6.82 6.82 6.82 6.82 6.82 6.82 0.92 0.92 0.92 0.92 0.92 0.92 0.
92 0.92 0.92 0.92 0.92 0.92  e=-2
[105] T=7.14 7.14 7.14 7.14 7.14 7.14 7.14 7.14 7.14 7.14 7.14 7.14 7.14 7.14 7.
14 7.14 7.14 7.14 7.14 7.14  e=-2
[106] T=7.48 7.48 7.48 7.48 7.48 7.48 7.48 7.48 7.48 7.48 7.48 7.48 7.48 7.48 7.
48 7.48 7.48 1.01 1.01 1.01  e=-2
[107] T=7.84 7.84 7.84 7.84 7.84 7.84 7.84 7.84 7.84 7.84 1.06 1.06 1.06 1.06 0.
73 0.73 0.73 0.73 0.73 0.73  e=-2
[108] T=8.22 8.22 8.22 8.22 8.22 8.22 8.22 8.22 8.22 8.22 8.22 1.11 1.11 1.11 1.
11 0.76 0.76 0.76 0.76 0.76  e=-2
[109] T=8.61 8.61 8.61 8.61 8.61 8.61 8.61 8.61 8.61 8.61 8.61 8.61 8.61 8.61 8.
61 8.61 8.61 8.61 8.61 8.61  e=-2
[110] T=9.02 9.02 9.02 9.02 9.02 9.02 9.02 9.02 9.02 9.02 9.02 9.02 9.02 9.02 9.
02 1.22 1.22 1.22 1.22 0.84  e=-2
[111] T=9.46 9.46 9.46 9.46 9.46 9.46 9.46 9.46 1.28 1.28 1.28 1.28 1.28 1.28 1.
28 1.28 0.88 0.88 0.88 0.88  e=-2
[112] T=9.91 9.91 1.34 1.34 1.34 1.34 1.34 1.34 1.34 1.34 0.92 0.92 0.92 0.71 0.
71 0.59 0.59 0.50  e=15
[113] T=10.39 10.39 10.39 10.39 10.39 10.39 10.39 10.39 1.41 1.41 1.41 1.41 1.41
 1.41 0.96 0.96 0.96 0.96 0.96 0.75  e=-2
[114] T=10.88 10.88 10.88 10.88 10.88 10.88 1.47 1.47 1.47 1.47 1.47 1.01 1.01 1
.01 1.01 1.01 1.01 1.01 1.01 1.01  e=-2
[115] T=11.40 11.40 11.40 11.40 11.40 11.40 11.40 11.40 11.40 11.40 1.54 1.54 1.
54 1.54 1.54 1.54 1.06 1.06 1.06 1.06  e=-2
[116] T=11.95 11.95 11.95 11.95 11.95 11.95 11.95 1.62 1.62 1.62 1.62 1.62 1.62
1.62 1.62 1.62 1.62 1.11 1.11 1.11  e=-2
[117] T=12.52 12.52 12.52 12.52 12.52 12.52 12.52 12.52 12.52 12.52 12.52 12.52
12.52 12.52 1.69 1.69 1.69 1.69 1.69 1.69  e=-2
[118] T=13.12 13.12 13.12 13.12 1.78 1.78 1.78 1.78 1.78 1.78 1.78 1.22 1.22 1.2
2 1.22 0.94 0.94 0.94 0.94 0.78  e=-2
[119] T=13.75 13.75 13.75 13.75 13.75 13.75 13.75 13.75 1.86 1.86 1.86 1.86 1.86
 1.86 1.86 1.27 1.27 1.27 1.27 1.27  e=-2
[120] T=14.41 14.41 14.41 14.41 14.41 14.41 14.41 14.41 1.95 1.95 1.95 1.95 1.95
 1.95 1.95 1.34 1.34 1.34 1.34 1.04  e=-2
[121] T=15.10 15.10 15.10 15.10 15.10 15.10 2.04 2.04 2.04 2.04 2.04 2.04 2.04 2
.04 2.04 2.04 1.40 1.40 1.09 1.09  e=-2
[122] T=15.83 15.83 15.83 15.83 15.83 2.14 2.14 2.14 2.14 2.14 2.14 2.14 2.14 1.
47 1.47 1.14  e=19
[123] T=16.59 16.59 16.59 16.59 16.59 16.59 16.59 16.59 16.59 2.24 2.24 2.24 2.2
4 2.24 2.24 2.24 2.24 2.24 2.24 2.24  e=-2
[124] T=17.38 17.38 17.38 2.35 2.35 2.35 2.35 2.35 2.35 2.35 2.35 2.35 1.61 1.61
 1.25 1.25 1.25 1.25 1.25 1.25  e=-2
[125] T=18.21 18.21 18.21 18.21 18.21 18.21 18.21 2.46 2.46 2.46 2.46 2.46 2.46
2.46 2.46 2.46 1.69 1.69 1.31  e=17
[126] T=19.09 19.09 19.09 19.09 19.09 19.09 19.09 2.58 2.58 2.58 2.58 2.58 2.58
2.58 2.58 2.58 2.58 2.58 2.58 2.58  e=-2
[127] T=20.00 20.00 20.00 20.00 2.71 2.71 2.71 2.71 2.71 2.71 2.71 2.71 2.71 2.7
1 2.71 2.71 2.71 2.71 2.71 1.85  e=-2