3.569695655 0.900789024
2.032630201 3.301175346
0.058950774 3.780046348
1.908817896 1.446344721
3.747062984 3.77387857
2.403933978 0.255233217
2.654976364 2.335800914
1.822936455 2.72658277
4.223867792 3.095961385
1.60985508 1.354583515
3.796200507 4.663992037
0.405370764 4.524487512
4.742532407 4.682432059
0.832145387 2.460276404
4.106815273 4.748598522
0.006438625 2.39586023
1.502141308 3.301539376
3.635200041 1.814306257
1.419933106 2.806451643
2.102237663 4.276913223
2.980902445 0.775333747
4.174424596 2.689819115
0.844871124 1.073438414
4.461583131 3.345978223
1.493490998 3.596728627
2.733077144 3.594903596
1.31073201 0.577703506
1.411515108 3.391249982
4.265668505 1.508851086
4.630933644 2.55044759
3.963492039 4.155175836
2.782084859 4.643123375
3.874730898 0.791207336
2.507736828 4.352673322
4.01619922 3.344903823
3.574169521 0.988131538
1.207952316 1.485832091
2.319811837 0.045245702
3.189636863 3.035938636
3.409817968 0.671590606
4.211537203 3.977201129
3.187703299 0.341074787
1.405435609 3.404870708
4.389540156 0.884190865
3.367314062 2.725260498
2.744816651 2.689726955
1.482047111 4.523079063
1.289396341 3.446018684
3.285701447 1.575838035
2.130003306 1.602854612
2.021315928 1.015981905
2.47172954 2.651422728
3.859914118 1.71268076
3.95614055 0.517385727
1.386730294 4.663047458
0.51049502 0.705395401
2.132875893 1.508894896
4.361908502 2.629857241
3.027241212 2.601752606
0.03145748 0.141553997
4.479077427 3.459824091
1.340562886 2.243014279
2.531982341 3.394040561
1.574768964 2.983391672
3.836024785 3.266986695
3.013598346 0.393475188
2.473722457 0.870006017
0.151531556 1.881992909
3.186336889 1.506343315
1.79438562 2.672855773
3.373534725 4.409720077
0.362697116 3.371761332
3.884450531 1.974876598
4.321773615 2.220897668
2.528333832 3.440317109
1.458445858 3.491991598
1.511430577 4.576645821
1.385243729 1.642128497
1.97986964 3.165276219
0.460318488 1.410821111
4.736486189 2.398659539
1.164458241 3.734111976
1.625651689 0.664967238
4.045301607 0.815432719
3.491725011 2.77159678
1.321510967 4.156445003
1.148803583 0.340510238
2.740477544 0.478947666
1.203398725 0.074690227
2.062092709 2.111486034
3.158503941 3.575828025
4.432381905 2.910121856
4.536997817 3.166421472
0.788338147 2.24266194
3.015697609 4.455982286
1.266765674 2.096631429
1.19301443 1.829495992
2.310653877 0.983201701
3.342310272 2.29406242
2.978564459 2.389047869
9.77808245 8.005181803
8.627863576 5.395204302
9.245163872 7.249740857
7.68064725 5.949950758
7.504091254 6.345897451
8.896519399 7.158368263
9.409906407 8.2215379
9.62295284 8.523066077
5.666987625 8.831572583
9.007706548 8.174142536
5.887661621 6.161647726
9.071388427 5.383430347
6.766880792 6.280250513
9.430899415 7.07931245
6.953542975 6.753377941
5.774061917 7.841105866
8.460492548 5.584126826
5.723289274 7.849514104
8.199011381 7.48404552
6.018587079 5.969053006
9.461193545 5.918712746
9.717653024 5.74986465
6.681808304 5.440572908
8.957065824 7.824367678
8.161980559 9.680064829
7.809158634 7.27019192
7.634021166 7.716025896
7.669086392 7.919287787
7.943509398 5.639244982
6.6541993 6.745627176
5.932374293 9.170223058
8.832618377 5.837601681
6.195691058 5.536925374
9.49524879 8.997309393
7.873939642 6.929916977
7.93765779 8.09238557
7.40034592 8.717186506
5.839595201 7.739783353
6.765193793 8.301033266
5.471901471 8.552075226
6.997145911 9.455082214
6.185029453 7.249699208
7.333164197 5.693481429
9.73118933 8.680295083
5.536418395 9.862646777
8.146465906 7.406016101
8.382435079 7.793199202
9.925064203 5.855897995
7.996884631 6.833091323
5.382348218 5.556012323
6.335945275 6.927697447
8.704592149 7.78874701
6.569072303 5.594628727
7.902590503 7.305668975
6.454588651 8.221253522
5.782977684 7.04203445
6.303089625 8.114616694
5.410254037 6.331542715
5.313298632 9.472106633
5.902327488 6.975409341
9.915224553 8.489026291
8.96783025 6.775402877
6.491982328 7.490019085
7.384787541 6.402911408
7.873436698 7.234430552
5.64994289 5.432439317
7.529341222 5.617468481
5.620922102 8.675468674
8.793742659 7.251174029
5.54090344 5.924509726
8.383698814 7.796666952
5.250094174 7.713705446
6.310244884 9.644066499
8.530073868 6.567415912
5.727387531 7.870235093
6.195830738 9.432658469
5.780496013 5.935579912
9.294639243 6.427229433
5.825236004 6.829705908
7.510082645 6.688680411
7.817041238 8.243306556
5.770974458 6.912047825
7.617518302 6.072268865
8.49052976 5.452212613
6.585662708 8.113541938
8.299069386 9.784277905
6.602960978 9.244864264
9.757542119 8.247239108
9.162562952 8.104917662
5.519315721 7.293311596
5.369586501 9.20236928
9.7894313 5.336796535
8.840207156 9.135381403
8.834378716 8.169307892
8.958210885 6.085503822
9.268580433 5.843496288
8.287233177 5.951412388
8.402729131 8.76183529
9.685588178 9.901044819
5.84895491 5.558977228
