0.022005689 4.424503908
2.24359754 0.620983307
3.862956818 4.439035252
1.686702763 1.014228807
0.017708866 0.344392651
4.745806026 2.171107706
1.114112405 3.071685042
2.861071478 3.389804049
1.229463518 3.248929059
4.72797777 1.840967915
2.365583502 2.557239673
0.818788999 2.394017677
4.736048149 3.528553746
2.391542174 3.735294136
4.023434925 0.747053418
1.279901121 0.996394937
0.945174657 2.116744083
2.349658876 2.009949312
3.512329037 2.523603818
2.147067177 4.166540821
2.878569436 2.305720637
4.725867358 0.723701866
3.215951267 2.483947174
0.055551816 0.337687665
1.215883263 3.826816956
2.954758268 3.103661494
3.585978444 1.47639767
4.122092897 0.983697906
0.994570722 1.348570995
3.223529927 4.691646305
2.76358019 2.641529811
3.463312005 1.298804583
0.721978402 4.664370134
2.862946386 2.890103965
1.160478646 2.552889332
3.332557258 3.428589331
2.832044 0.787313718
4.177860417 4.252068012
3.056383178 2.965261795
0.166160061 3.373623091
1.309692643 1.005750928
2.735656914 4.17962417
1.465885222 1.050536921
3.272625557 1.846731754
3.563963586 0.67724935
0.589028774 1.239069199
1.716499465 0.98758713
4.130762103 0.702155697
4.205880522 0.013965239
2.296233896 2.97672701
6.378513153 5.847690136
5.953221968 7.133330376
8.518314714 9.231537269
7.831036516 6.510909716
8.931107106 7.256002543
7.031320069 8.345044564
7.617527362 7.481484132
6.047810307 6.355634403
5.763350796 9.978100904
8.527141213 8.542490647
6.582783941 6.232999673
5.938144592 9.183584011
6.432072522 8.303049273
6.779688795 7.120694078
9.61720873 5.533552331
6.944363829 7.991343576
9.640554492 9.074190078
5.72792429 7.435291677
5.945076227 6.140596489
9.290669952 9.957913889
6.808164834 9.352278405
7.311772952 6.140885823
7.828284285 5.298075249
5.461012593 6.970292359
8.134467519 6.496270854
8.061492239 9.769650377
5.528852227 9.338413678
9.350439048 9.655275574
6.800022905 8.014210404
5.435137986 9.040200005
6.532597473 9.544281472
8.275685848 8.871941156
8.450187305 7.210804087
9.995667957 8.246798755
8.700411721 5.443033115
6.182667843 7.168303068
8.756177777 9.825236064
8.896361069 5.363394817
9.949731006 5.890651463
9.286478139 8.090056088
8.129154541 9.01920128
7.426075058 8.433579547
8.267895207 5.402585874
6.411890179 5.387314154
9.890468667 7.110342928
8.689729297 5.732965382
8.176513827 7.862210357
9.872745704 5.305629697
8.662073642 6.984450288
6.131647852 7.880442994
7.51505446 1.132453573
9.486966869 4.513799996
6.946297562 2.823370613
9.558574991 2.39147929
6.238778036 0.696218802
7.964494721 1.638999746
6.940709506 3.391583833
8.56405638 3.825159145
5.883240843 4.022789186
7.425212207 2.213854537
8.976820138 0.527232692
6.726649768 3.833045818
5.770106725 0.188988801
5.66959269 0.376826413
9.79478197 2.128050755
5.413099236 3.527232916
5.529103761 4.4395415
7.398966082 1.799202139
9.581827944 2.8108208
9.474341566 2.84760627
5.268912961 0.031079985
7.379175303 2.944162864
8.785746023 1.155251637
6.728195156 1.54959699
9.02133464 2.198849568
7.879819921 3.57986938
5.783372052 0.441394333
6.912421649 3.941123787
5.416015798 0.10282956
6.14518245 1.238064291
8.350113791 4.368856438
7.303548621 1.379100793
7.739194704 2.373235777
6.155862119 4.451080534
9.682233087 2.024196886
8.396802668 1.432059836
7.437670854 3.138712005
9.081877522 4.178222832
9.950207824 3.060525921
7.004920239 3.215759677
7.73762226 2.446224882
6.064072694 2.088548268
9.177975341 0.224397157
9.142220483 2.344487732
9.1779897 1.184461405
9.464613314 0.016960685
8.809418011 2.591933282
8.522172487 1.285390717
6.718964681 0.059868264
8.726917687 3.73256835
4.293176509 6.583982562
3.035994131 9.343444962
3.294616267 8.68967481
0.714772225 8.625309977
1.959115376 8.666211548
3.070076075 7.064605607
3.650245073 7.848955252
2.731706085 7.334391991
2.518107781 8.657072214
4.243905707 7.080174765
3.51543614 9.610085275
0.176333965 6.98315087
3.988770838 5.384090903
4.63420418 6.787012007
0.553792597 5.495545313
2.893308508 6.448333599
2.781222805 8.096499746
2.734130643 5.876633891
1.957697575 6.666439884
0.568619021 5.627719451
0.260520349 7.462802103
4.229007649 5.734666621
1.426801612 8.347505119
3.529290393 8.658605754
3.570345561 7.162326556
3.694138278 8.754080383
1.117009531 8.537600337
3.776447234 5.998567963
0.842626692 6.029529275
1.243344047 8.929502127
0.664697372 8.296637617
4.39648412 7.660157703
4.573066335 7.774389093
3.420509526 6.005780182
3.375068692 9.894534858
2.419785556 6.927116636
0.531395306 9.804700314
2.53023144 7.333602942
0.782673205 9.920191787
2.368322199 7.030984632
2.538014982 8.889981172
3.553232275 8.998623513
3.778254445 9.827597955
4.728931036 5.396784914
4.223811778 6.066275078
3.81211578 5.811982411
4.30238273 8.145280292
3.461473937 9.921708601
3.904038097 8.954196544
3.554359946 8.236368381
