Number,q,T,vi.x,vi.y,objFunc
0,2.000000,0.0523961->0->0->0->0->0->0->0->0->0->0->0->0->0->0->0->0->0->0->0->,0.446940,0.524945,5.884255
0,2.000000,0.0523961->0->0->0->0->0->0->0->0->0->0->0->0->0->0->0->0->0->0->0->,0.731475,0.658708,5.884255
0,2.000000,0.0523961->0->0->0->0->0->0->0->0->0->0->0->0->0->0->0->0->0->0->0->,0.369095,0.292480,5.884255
1,2.000000,0.0549069->0->0->0->0->0->0->0->0->0->0->0->0->0->0->0->0->0->0->0->,0.355065,0.424087,7.997675
1,2.000000,0.0549069->0->0->0->0->0->0->0->0->0->0->0->0->0->0->0->0->0->0->0->,0.432043,0.315478,7.997675
1,2.000000,0.0549069->0->0->0->0->0->0->0->0->0->0->0->0->0->0->0->0->0->0->0->,0.638800,0.676433,7.997675
2,2.000000,0.0575381->0->0->0->0->0->0->0->0->0->0->0->0->0->0->0->0->0->0->0->,0.462213,0.388294,9.947386
2,2.000000,0.0575381->0->0->0->0->0->0->0->0->0->0->0->0->0->0->0->0->0->0->0->,0.395501,0.477457,9.947386
2,2.000000,0.0575381->0->0->0->0->0->0->0->0->0->0->0->0->0->0->0->0->0->0->0->,0.778079,0.703653,9.947386
3,2.000000,0.0602954->0->0->0->0->0->0->0->0->0->0->0->0->0->0->0->0->0->0->0->,0.799394,0.726705,5.469856
3,2.000000,0.0602954->0->0->0->0->0->0->0->0->0->0->0->0->0->0->0->0->0->0->0->,0.288780,0.329521,5.469856
3,2.000000,0.0602954->0->0->0->0->0->0->0->0->0->0->0->0->0->0->0->0->0->0->0->,0.316003,0.352621,5.469856
4,2.000000,0.0631848->0->0->0->0->0->0->0->0->0->0->0->0->0->0->0->0->0->0->0->,0.302618,0.311804,1.702995
4,2.000000,0.0631848->0->0->0->0->0->0->0->0->0->0->0->0->0->0->0->0->0->0->0->,0.311885,0.334871,1.702995
4,2.000000,0.0631848->0->0->0->0->0->0->0->0->0->0->0->0->0->0->0->0->0->0->0->,0.748654,0.735088,1.702995
5,2.000000,0.0662127->0->0->0->0->0->0->0->0->0->0->0->0->0->0->0->0->0->0->0->,0.251658,0.301594,3.417588
5,2.000000,0.0662127->0->0->0->0->0->0->0->0->0->0->0->0->0->0->0->0->0->0->0->,0.773133,0.732070,3.417588
5,2.000000,0.0662127->0->0->0->0->0->0->0->0->0->0->0->0->0->0->0->0->0->0->0->,0.503500,0.440458,3.417588
6,2.000000,0.0693857->0->0->0->0->0->0->0->0->0->0->0->0->0->0->0->0->0->0->0->,0.794710,0.782357,0.998695
6,2.000000,0.0693857->0->0->0->0->0->0->0->0->0->0->0->0->0->0->0->0->0->0->0->,0.196345,0.244837,0.998695
6,2.000000,0.0693857->0->0->0->0->0->0->0->0->0->0->0->0->0->0->0->0->0->0->0->,0.596824,0.564208,0.998695
7,2.000000,0.0727108->0->0->0->0->0->0->0->0->0->0->0->0->0->0->0->0->0->0->0->,0.582238,0.457194,5.313606
7,2.000000,0.0727108->0->0->0->0->0->0->0->0->0->0->0->0->0->0->0->0->0->0->0->,0.601655,0.655817,5.313606
7,2.000000,0.0727108->0->0->0->0->0->0->0->0->0->0->0->0->0->0->0->0->0->0->0->,0.354189,0.405361,5.313606
8,2.000000,0.0761952->0->0->0->0->0->0->0->0->0->0->0->0->0->0->0->0->0->0->0->,0.290013,0.306194,2.154289
8,2.000000,0.0761952->0->0->0->0->0->0->0->0->0->0->0->0->0->0->0->0->0->0->0->,0.312671,0.277576,2.154289
8,2.000000,0.0761952->0->0->0->0->0->0->0->0->0->0->0->0->0->0->0->0->0->0->0->,0.733789,0.765838,2.154289
9,2.000000,0.0798465->0->0->0->0->0->0->0->0->0->0->0->0->0->0->0->0->0->0->0->,0.366788,0.384383,-0.696285
9,2.000000,0.0798465->0->0->0->0->0->0->0->0->0->0->0->0->0->0->0->0->0->0->0->,0.749782,0.748284,-0.696285
9,2.000000,0.0798465->0->0->0->0->0->0->0->0->0->0->0->0->0->0->0->0->0->0->0->,0.287198,0.277401,-0.696285
10,2.000000,0.0836728->0->0->0->0->0->0->0->0->0->0->0->0->0->0->0->0->0->0->0->,0.534751,0.640337,3.959013
10,2.000000,0.0836728->0->0->0->0->0->0->0->0->0->0->0->0->0->0->0->0->0->0->0->,0.353271,0.308693,3.959013
10,2.000000,0.0836728->0->0->0->0->0->0->0->0->0->0->0->0->0->0->0->0->0->0->0->,0.743814,0.656891,3.959013
11,2.000000,0.0876825->0->0->0->0->0->0->0->0->0->0->0->0->0->0->0->0->0->0->0->,0.405243,0.441800,4.850528
11,2.000000,0.0876825->0->0->0->0->0->0->0->0->0->0->0->0->0->0->0->0->0->0->0->,0.585403,0.612869,4.850528
11,2.000000,0.0876825->0->0->0->0->0->0->0->0->0->0->0->0->0->0->0->0->0->0->0->,0.613131,0.505265,4.850528
12,2.000000,0.0918844->0->0->0->0->0->0->0->0->0->0->0->0->0->0->0->0->0->0->0->,0.752442,0.706756,8.844951
12,2.000000,0.0918844->0->0->0->0->0->0->0->0->0->0->0->0->0->0->0->0->0->0->0->,0.288258,0.320227,8.844951
12,2.000000,0.0918844->0->0->0->0->0->0->0->0->0->0->0->0->0->0->0->0->0->0->0->,0.550720,0.534553,8.844951
13,2.000000,0.0962876->0->0->0->0->0->0->0->0->0->0->0->0->0->0->0->0->0->0->0->,0.360663,0.348872,0.611650
13,2.000000,0.0962876->0->0->0->0->0->0->0->0->0->0->0->0->0->0->0->0->0->0->0->,0.523000,0.515335,0.611650
13,2.000000,0.0962876->0->0->0->0->0->0->0->0->0->0->0->0->0->0->0->0->0->0->0->,0.638803,0.659615,0.611650
14,2.000000,0.100902->0->0->0->0->0->0->0->0->0->0->0->0->0->0->0->0->0->0->0->,0.546850,0.589342,6.213368
14,2.000000,0.100902->0->0->0->0->0->0->0->0->0->0->0->0->0->0->0->0->0->0->0->,0.609598,0.647114,6.213368
14,2.000000,0.100902->0->0->0->0->0->0->0->0->0->0->0->0->0->0->0->0->0->0->0->,0.366401,0.291235,6.213368
15,2.000000,0.105737->0->0->0->0->0->0->0->0->0->0->0->0->0->0->0->0->0->0->0->,0.237638,0.242457,-3.007406
15,2.000000,0.105737->0->0->0->0->0->0->0->0->0->0->0->0->0->0->0->0->0->0->0->,0.655265,0.698405,-3.007406
15,2.000000,0.105737->0->0->0->0->0->0->0->0->0->0->0->0->0->0->0->0->0->0->0->,0.786651,0.707752,-3.007406
16,2.000000,0.110804->0->0->0->0->0->0->0->0->0->0->0->0->0->0->0->0->0->0->0->,0.689366,0.733165,-1.082702
16,2.000000,0.110804->0->0->0->0->0->0->0->0->0->0->0->0->0->0->0->0->0->0->0->,0.559283,0.506542,-1.082702
16,2.000000,0.110804->0->0->0->0->0->0->0->0->0->0->0->0->0->0->0->0->0->0->0->,0.288396,0.325754,-1.082702
17,2.000000,0.116114->0->0->0->0->0->0->0->0->0->0->0->0->0->0->0->0->0->0->0->,0.352853,0.341434,5.016051
17,2.000000,0.116114->0->0->0->0->0->0->0->0->0->0->0->0->0->0->0->0->0->0->0->,0.541562,0.544909,5.016051
17,2.000000,0.116114->0->0->0->0->0->0->0->0->0->0->0->0->0->0->0->0->0->0->0->,0.667535,0.655736,5.016051
18,2.000000,0.121678->0->0->0->0->0->0->0->0->0->0->0->0->0->0->0->0->0->0->0->,0.277157,0.311448,-5.043251
18,2.000000,0.121678->0->0->0->0->0->0->0->0->0->0->0->0->0->0->0->0->0->0->0->,0.383103,0.341657,-5.043251
18,2.000000,0.121678->0->0->0->0->0->0->0->0->0->0->0->0->0->0->0->0->0->0->0->,0.770947,0.771143,-5.043251
19,2.000000,0.127509->0->0->0->0->0->0->0->0->0->0->0->0->0->0->0->0->0->0->0->,0.432534,0.374192,-0.101736
19,2.000000,0.127509->0->0->0->0->0->0->0->0->0->0->0->0->0->0->0->0->0->0->0->,0.509779,0.553623,-0.101736
19,2.000000,0.127509->0->0->0->0->0->0->0->0->0->0->0->0->0->0->0->0->0->0->0->,0.610194,0.632196,-0.101736
20,2.000000,0.13362->0->0->0->0->0->0->0->0->0->0->0->0->0->0->0->0->0->0->0->,0.775827,0.752181,-3.095326
20,2.000000,0.13362->0->0->0->0->0->0->0->0->0->0->0->0->0->0->0->0->0->0->0->,0.255196,0.239801,-3.095326
20,2.000000,0.13362->0->0->0->0->0->0->0->0->0->0->0->0->0->0->0->0->0->0->0->,0.643305,0.696070,-3.095326
21,2.000000,0.140023->0->0->0->0->0->0->0->0->0->0->0->0->0->0->0->0->0->0->0->,0.745884,0.747359,-3.368047
21,2.000000,0.140023->0->0->0->0->0->0->0->0->0->0->0->0->0->0->0->0->0->0->0->,0.620125,0.567052,-3.368047
21,2.000000,0.140023->0->0->0->0->0->0->0->0->0->0->0->0->0->0->0->0->0->0->0->,0.218282,0.247604,-3.368047
22,2.000000,0.146733->0->0->0->0->0->0->0->0->0->0->0->0->0->0->0->0->0->0->0->,0.734072,0.675078,1.708866
22,2.000000,0.146733->0->0->0->0->0->0->0->0->0->0->0->0->0->0->0->0->0->0->0->,0.394853,0.371690,1.708866
22,2.000000,0.146733->0->0->0->0->0->0->0->0->0->0->0->0->0->0->0->0->0->0->0->,0.376330,0.456273,1.708866
23,2.000000,0.153765->0->0->0->0->0->0->0->0->0->0->0->0->0->0->0->0->0->0->0->,0.737048,0.693088,1.973445
23,2.000000,0.153765->0->0->0->0->0->0->0->0->0->0->0->0->0->0->0->0->0->0->0->,0.302333,0.331086,1.973445
23,2.000000,0.153765->0->0->0->0->0->0->0->0->0->0->0->0->0->0->0->0->0->0->0->,0.467220,0.490829,1.973445
24,2.000000,0.161133->0->0->0->0->0->0->0->0->0->0->0->0->0->0->0->0->0->0->0->,0.212752,0.238513,-6.685845
24,2.000000,0.161133->0->0->0->0->0->0->0->0->0->0->0->0->0->0->0->0->0->0->0->,0.458639,0.448152,-6.685845
24,2.000000,0.161133->0->0->0->0->0->0->0->0->0->0->0->0->0->0->0->0->0->0->0->,0.788129,0.760071,-6.685845
25,2.000000,0.168855->0->0->0->0->0->0->0->0->0->0->0->0->0->0->0->0->0->0->0->,0.319859,0.320976,-6.276655
25,2.000000,0.168855->0->0->0->0->0->0->0->0->0->0->0->0->0->0->0->0->0->0->0->,0.727826,0.756997,-6.276655
25,2.000000,0.168855->0->0->0->0->0->0->0->0->0->0->0->0->0->0->0->0->0->0->0->,0.388460,0.365437,-6.276655
26,2.000000,0.176947->0->0->0->0->0->0->0->0->0->0->0->0->0->0->0->0->0->0->0->,0.613997,0.594274,1.058905
26,2.000000,0.176947->0->0->0->0->0->0->0->0->0->0->0->0->0->0->0->0->0->0->0->,0.637681,0.617849,1.058905
26,2.000000,0.176947->0->0->0->0->0->0->0->0->0->0->0->0->0->0->0->0->0->0->0->,0.306867,0.332241,1.058905
27,2.000000,0.185426->0->0->0->0->0->0->0->0->0->0->0->0->0->0->0->0->0->0->0->,0.591252,0.630564,-1.339015
27,2.000000,0.185426->0->0->0->0->0->0->0->0->0->0->0->0->0->0->0->0->0->0->0->,0.459698,0.448235,-1.339015
27,2.000000,0.185426->0->0->0->0->0->0->0->0->0->0->0->0->0->0->0->0->0->0->0->,0.472562,0.442928,-1.339015
28,2.000000,0.194312->0->0->0->0->0->0->0->0->0->0->0->0->0->0->0->0->0->0->0->,0.358817,0.325912,-10.320469
28,2.000000,0.194312->0->0->0->0->0->0->0->0->0->0->0->0->0->0->0->0->0->0->0->,0.315709,0.352812,-10.320469
28,2.000000,0.194312->0->0->0->0->0->0->0->0->0->0->0->0->0->0->0->0->0->0->0->,0.768901,0.748185,-10.320469
29,2.000000,0.203623->0->0->0->0->0->0->0->0->0->0->0->0->0->0->0->0->0->0->0->,0.273353,0.338567,-9.399848
29,2.000000,0.203623->0->0->0->0->0->0->0->0->0->0->0->0->0->0->0->0->0->0->0->,0.634961,0.625223,-9.399848
29,2.000000,0.203623->0->0->0->0->0->0->0->0->0->0->0->0->0->0->0->0->0->0->0->,0.583549,0.536449,-9.399848
30,2.000000,0.213381->0->0->0->0->0->0->0->0->0->0->0->0->0->0->0->0->0->0->0->,0.541283,0.531223,-0.933339
30,2.000000,0.213381->0->0->0->0->0->0->0->0->0->0->0->0->0->0->0->0->0->0->0->,0.484990,0.483496,-0.933339
30,2.000000,0.213381->0->0->0->0->0->0->0->0->0->0->0->0->0->0->0->0->0->0->0->,0.496676,0.504348,-0.933339
31,2.000000,0.223607->0->0->0->0->0->0->0->0->0->0->0->0->0->0->0->0->0->0->0->,0.333158,0.294201,-6.765644
31,2.000000,0.223607->0->0->0->0->0->0->0->0->0->0->0->0->0->0->0->0->0->0->0->,0.566365,0.590119,-6.765644
31,2.000000,0.223607->0->0->0->0->0->0->0->0->0->0->0->0->0->0->0->0->0->0->0->,0.674652,0.702058,-6.765644
32,2.000000,0.234322->0->0->0->0->0->0->0->0->0->0->0->0->0->0->0->0->0->0->0->,0.235188,0.227312,-12.167686
32,2.000000,0.234322->0->0->0->0->0->0->0->0->0->0->0->0->0->0->0->0->0->0->0->,0.646230,0.672339,-12.167686
32,2.000000,0.234322->0->0->0->0->0->0->0->0->0->0->0->0->0->0->0->0->0->0->0->,0.707067,0.681604,-12.167686
33,2.000000,0.245551->0->0->0->0->0->0->0->0->0->0->0->0->0->0->0->0->0->0->0->,0.480279,0.514851,-12.126791
33,2.000000,0.245551->0->0->0->0->0->0->0->0->0->0->0->0->0->0->0->0->0->0->0->,0.578310,0.513817,-12.126791
33,2.000000,0.245551->0->0->0->0->0->0->0->0->0->0->0->0->0->0->0->0->0->0->0->,0.478589,0.502874,-12.126791
34,2.000000,0.257318->0->0->0->0->0->0->0->0->0->0->0->0->0->0->0->0->0->0->0->,0.424669,0.475436,-13.322224
34,2.000000,0.257318->0->0->0->0->0->0->0->0->0->0->0->0->0->0->0->0->0->0->0->,0.621909,0.578676,-13.322224
34,2.000000,0.257318->0->0->0->0->0->0->0->0->0->0->0->0->0->0->0->0->0->0->0->,0.515338,0.486612,-13.322224
35,2.000000,0.269649->0->0->0->0->0->0->0->0->0->0->0->0->0->0->0->0->0->0->0->,0.709975,0.732945,-10.345273
35,2.000000,0.269649->0->0->0->0->0->0->0->0->0->0->0->0->0->0->0->0->0->0->0->,0.398054,0.412362,-10.345273
35,2.000000,0.269649->0->0->0->0->0->0->0->0->0->0->0->0->0->0->0->0->0->0->0->,0.333206,0.297833,-10.345273
36,2.000000,0.282571->0->0->0->0->0->0->0->0->0->0->0->0->0->0->0->0->0->0->0->,0.504856,0.466989,-16.690914
36,2.000000,0.282571->0->0->0->0->0->0->0->0->0->0->0->0->0->0->0->0->0->0->0->,0.299915,0.359540,-16.690914
36,2.000000,0.282571->0->0->0->0->0->0->0->0->0->0->0->0->0->0->0->0->0->0->0->,0.664583,0.650114,-16.690914
37,2.000000,0.296112->0->0->0->0->0->0->0->0->0->0->0->0->0->0->0->0->0->0->0->,0.466056,0.438130,-17.898834
37,2.000000,0.296112->0->0->0->0->0->0->0->0->0->0->0->0->0->0->0->0->0->0->0->,0.318877,0.371105,-17.898834
37,2.000000,0.296112->0->0->0->0->0->0->0->0->0->0->0->0->0->0->0->0->0->0->0->,0.706987,0.679275,-17.898834
38,2.000000,0.310302->0->0->0->0->0->0->0->0->0->0->0->0->0->0->0->0->0->0->0->,0.671943,0.649124,-21.089201
38,2.000000,0.310302->0->0->0->0->0->0->0->0->0->0->0->0->0->0->0->0->0->0->0->,0.301446,0.320236,-21.089201
38,2.000000,0.310302->0->0->0->0->0->0->0->0->0->0->0->0->0->0->0->0->0->0->0->,0.590986,0.584476,-21.089201
39,2.000000,0.325172->0->0->0->0->0->0->0->0->0->0->0->0->0->0->0->0->0->0->0->,0.584199,0.552406,-19.170685
39,2.000000,0.325172->0->0->0->0->0->0->0->0->0->0->0->0->0->0->0->0->0->0->0->,0.428510,0.422916,-19.170685
39,2.000000,0.325172->0->0->0->0->0->0->0->0->0->0->0->0->0->0->0->0->0->0->0->,0.543431,0.578031,-19.170685
40,2.000000,0.340755->0->0->0->0->0->0->0->0->0->0->0->0->0->0->0->0->0->0->0->,0.557061,0.510015,-23.933826
40,2.000000,0.340755->0->0->0->0->0->0->0->0->0->0->0->0->0->0->0->0->0->0->0->,0.469030,0.492563,-23.933826
40,2.000000,0.340755->0->0->0->0->0->0->0->0->0->0->0->0->0->0->0->0->0->0->0->,0.511418,0.523157,-23.933826
41,2.000000,0.357084->0->0->0->0->0->0->0->0->0->0->0->0->0->0->0->0->0->0->0->,0.504805,0.558680,-22.458307
41,2.000000,0.357084->0->0->0->0->0->0->0->0->0->0->0->0->0->0->0->0->0->0->0->,0.738673,0.700319,-22.458307
41,2.000000,0.357084->0->0->0->0->0->0->0->0->0->0->0->0->0->0->0->0->0->0->0->,0.330206,0.320224,-22.458307
42,2.000000,0.374196->0->0->0->0->0->0->0->0->0->0->0->0->0->0->0->0->0->0->0->,0.563477,0.522410,-20.761148
42,2.000000,0.374196->0->0->0->0->0->0->0->0->0->0->0->0->0->0->0->0->0->0->0->,0.522485,0.557025,-20.761148
42,2.000000,0.374196->0->0->0->0->0->0->0->0->0->0->0->0->0->0->0->0->0->0->0->,0.427978,0.439392,-20.761148
43,2.000000,0.392128->0->0->0->0->0->0->0->0->0->0->0->0->0->0->0->0->0->0->0->,0.409590,0.381635,-27.129786
43,2.000000,0.392128->0->0->0->0->0->0->0->0->0->0->0->0->0->0->0->0->0->0->0->,0.472175,0.494358,-27.129786
43,2.000000,0.392128->0->0->0->0->0->0->0->0->0->0->0->0->0->0->0->0->0->0->0->,0.626123,0.630899,-27.129786
44,2.000000,0.410919->0->0->0->0->0->0->0->0->0->0->0->0->0->0->0->0->0->0->0->,0.273689,0.280600,-29.245588
44,2.000000,0.410919->0->0->0->0->0->0->0->0->0->0->0->0->0->0->0->0->0->0->0->,0.620965,0.639729,-29.245588
44,2.000000,0.410919->0->0->0->0->0->0->0->0->0->0->0->0->0->0->0->0->0->0->0->,0.634149,0.598895,-29.245588
45,2.000000,0.430611->0->0->0->0->0->0->0->0->0->0->0->0->0->0->0->0->0->0->0->,0.471787,0.440629,-27.872261
45,2.000000,0.430611->0->0->0->0->0->0->0->0->0->0->0->0->0->0->0->0->0->0->0->,0.592935,0.643037,-27.872261
45,2.000000,0.430611->0->0->0->0->0->0->0->0->0->0->0->0->0->0->0->0->0->0->0->,0.456572,0.432449,-27.872261
46,2.000000,0.451247->0->0->0->0->0->0->0->0->0->0->0->0->0->0->0->0->0->0->0->,0.630071,0.671498,-29.714586
46,2.000000,0.451247->0->0->0->0->0->0->0->0->0->0->0->0->0->0->0->0->0->0->0->,0.540371,0.494341,-29.714586
46,2.000000,0.451247->0->0->0->0->0->0->0->0->0->0->0->0->0->0->0->0->0->0->0->,0.350207,0.357795,-29.714586
47,2.000000,0.472871->0->0->0->0->0->0->0->0->0->0->0->0->0->0->0->0->0->0->0->,0.614523,0.642716,-33.243786
47,2.000000,0.472871->0->0->0->0->0->0->0->0->0->0->0->0->0->0->0->0->0->0->0->,0.422853,0.394772,-33.243786
47,2.000000,0.472871->0->0->0->0->0->0->0->0->0->0->0->0->0->0->0->0->0->0->0->,0.505845,0.505480,-33.243786
48,2.000000,0.495531->0->0->0->0->0->0->0->0->0->0->0->0->0->0->0->0->0->0->0->,0.581810,0.607439,-31.388744
48,2.000000,0.495531->0->0->0->0->0->0->0->0->0->0->0->0->0->0->0->0->0->0->0->,0.377681,0.346549,-31.388744
48,2.000000,0.495531->0->0->0->0->0->0->0->0->0->0->0->0->0->0->0->0->0->0->0->,0.564848,0.563036,-31.388744
49,2.000000,0.519278->0->0->0->0->0->0->0->0->0->0->0->0->0->0->0->0->0->0->0->,0.357948,0.403814,-35.354801
49,2.000000,0.519278->0->0->0->0->0->0->0->0->0->0->0->0->0->0->0->0->0->0->0->,0.514473,0.476827,-35.354801
49,2.000000,0.519278->0->0->0->0->0->0->0->0->0->0->0->0->0->0->0->0->0->0->0->,0.643223,0.637873,-35.354801
50,2.000000,0.544162->0->0->0->0->0->0->0->0->0->0->0->0->0->0->0->0->0->0->0->,0.597427,0.593833,-38.698944
50,2.000000,0.544162->0->0->0->0->0->0->0->0->0->0->0->0->0->0->0->0->0->0->0->,0.458239,0.466125,-38.698944
50,2.000000,0.544162->0->0->0->0->0->0->0->0->0->0->0->0->0->0->0->0->0->0->0->,0.443381,0.434353,-38.698944
51,2.000000,0.570239->0->0->0->0->0->0->0->0->0->0->0->0->0->0->0->0->0->0->0->,0.592153,0.614887,-43.120457
51,2.000000,0.570239->0->0->0->0->0->0->0->0->0->0->0->0->0->0->0->0->0->0->0->,0.467971,0.481547,-43.120457
51,2.000000,0.570239->0->0->0->0->0->0->0->0->0->0->0->0->0->0->0->0->0->0->0->,0.461002,0.415716,-43.120457
52,2.000000,0.597565->0->0->0->0->0->0->0->0->0->0->0->0->0->0->0->0->0->0->0->,0.394606,0.392594,-41.814163
52,2.000000,0.597565->0->0->0->0->0->0->0->0->0->0->0->0->0->0->0->0->0->0->0->,0.481634,0.468126,-41.814163
52,2.000000,0.597565->0->0->0->0->0->0->0->0->0->0->0->0->0->0->0->0->0->0->0->,0.651045,0.657352,-41.814163
53,2.000000,0.626201->0->0->0->0->0->0->0->0->0->0->0->0->0->0->0->0->0->0->0->,0.634030,0.616641,-51.793812
53,2.000000,0.626201->0->0->0->0->0->0->0->0->0->0->0->0->0->0->0->0->0->0->0->,0.531128,0.522712,-51.793812
53,2.000000,0.626201->0->0->0->0->0->0->0->0->0->0->0->0->0->0->0->0->0->0->0->,0.358875,0.380881,-51.793812
54,2.000000,0.65621->0->0->0->0->0->0->0->0->0->0->0->0->0->0->0->0->0->0->0->,0.457486,0.443245,-51.665501
54,2.000000,0.65621->0->0->0->0->0->0->0->0->0->0->0->0->0->0->0->0->0->0->0->,0.596621,0.574447,-51.665501
54,2.000000,0.65621->0->0->0->0->0->0->0->0->0->0->0->0->0->0->0->0->0->0->0->,0.468316,0.499961,-51.665501
55,2.000000,0.687656->0->0->0->0->0->0->0->0->0->0->0->0->0->0->0->0->0->0->0->,0.469016,0.477701,-55.571636
55,2.000000,0.687656->0->0->0->0->0->0->0->0->0->0->0->0->0->0->0->0->0->0->0->,0.524138,0.499075,-55.571636
55,2.000000,0.687656->0->0->0->0->0->0->0->0->0->0->0->0->0->0->0->0->0->0->0->,0.539854,0.545835,-55.571636
56,2.000000,0.720609->0->0->0->0->0->0->0->0->0->0->0->0->0->0->0->0->0->0->0->,0.438150,0.427009,-54.394932
56,2.000000,0.720609->0->0->0->0->0->0->0->0->0->0->0->0->0->0->0->0->0->0->0->,0.514866,0.482782,-54.394932
56,2.000000,0.720609->0->0->0->0->0->0->0->0->0->0->0->0->0->0->0->0->0->0->0->,0.575335,0.613475,-54.394932
57,2.000000,0.755142->0->0->0->0->0->0->0->0->0->0->0->0->0->0->0->0->0->0->0->,0.603718,0.587655,-61.186119
57,2.000000,0.755142->0->0->0->0->0->0->0->0->0->0->0->0->0->0->0->0->0->0->0->,0.482212,0.456315,-61.186119
57,2.000000,0.755142->0->0->0->0->0->0->0->0->0->0->0->0->0->0->0->0->0->0->0->,0.440238,0.474027,-61.186119
58,2.000000,0.791329->0->0->0->0->0->0->0->0->0->0->0->0->0->0->0->0->0->0->0->,0.662883,0.669870,-64.151878
58,2.000000,0.791329->0->0->0->0->0->0->0->0->0->0->0->0->0->0->0->0->0->0->0->,0.422728,0.442717,-64.151878
58,2.000000,0.791329->0->0->0->0->0->0->0->0->0->0->0->0->0->0->0->0->0->0->0->,0.439286,0.408818,-64.151878
59,2.000000,0.82925->0->0->0->0->0->0->0->0->0->0->0->0->0->0->0->0->0->0->0->,0.613190,0.598650,-72.760178
59,2.000000,0.82925->0->0->0->0->0->0->0->0->0->0->0->0->0->0->0->0->0->0->0->,0.452264,0.457885,-72.760178
59,2.000000,0.82925->0->0->0->0->0->0->0->0->0->0->0->0->0->0->0->0->0->0->0->,0.462674,0.467076,-72.760178
60,2.000000,0.868989->0->0->0->0->0->0->0->0->0->0->0->0->0->0->0->0->0->0->0->,0.385051,0.388223,-74.245628
60,2.000000,0.868989->0->0->0->0->0->0->0->0->0->0->0->0->0->0->0->0->0->0->0->,0.534774,0.536158,-74.245628
60,2.000000,0.868989->0->0->0->0->0->0->0->0->0->0->0->0->0->0->0->0->0->0->0->,0.623265,0.614027,-74.245628
61,2.000000,0.910632->0->0->0->0->0->0->0->0->0->0->0->0->0->0->0->0->0->0->0->,0.459917,0.493182,-75.469681
61,2.000000,0.910632->0->0->0->0->0->0->0->0->0->0->0->0->0->0->0->0->0->0->0->,0.521575,0.495058,-75.469681
61,2.000000,0.910632->0->0->0->0->0->0->0->0->0->0->0->0->0->0->0->0->0->0->0->,0.547093,0.535544,-75.469681
62,2.000000,0.95427->0->0->0->0->0->0->0->0->0->0->0->0->0->0->0->0->0->0->0->,0.540060,0.556360,-81.333801
62,2.000000,0.95427->0->0->0->0->0->0->0->0->0->0->0->0->0->0->0->0->0->0->0->,0.477909,0.449809,-81.333801
62,2.000000,0.95427->0->0->0->0->0->0->0->0->0->0->0->0->0->0->0->0->0->0->0->,0.515117,0.525870,-81.333801
63,2.000000,1->0->0->0->0->0->0->0->0->0->0->0->0->0->0->0->0->0->0->0->,0.435620,0.465355,-85.762459
63,2.000000,1->0->0->0->0->0->0->0->0->0->0->0->0->0->0->0->0->0->0->0->,0.505338,0.486717,-85.762459
63,2.000000,1->0->0->0->0->0->0->0->0->0->0->0->0->0->0->0->0->0->0->0->,0.580139,0.566692,-85.762459
64,2.000000,1.04792->0->0->0->0->0->0->0->0->0->0->0->0->0->0->0->0->0->0->0->,0.475800,0.459529,-84.603699
64,2.000000,1.04792->0->0->0->0->0->0->0->0->0->0->0->0->0->0->0->0->0->0->0->,0.572603,0.590781,-84.603699
64,2.000000,1.04792->0->0->0->0->0->0->0->0->0->0->0->0->0->0->0->0->0->0->0->,0.485034,0.481098,-84.603699
65,2.000000,1.09814->0->0->0->0->0->0->0->0->0->0->0->0->0->0->0->0->0->0->0->,0.454304,0.469900,-96.787971
65,2.000000,1.09814->0->0->0->0->0->0->0->0->0->0->0->0->0->0->0->0->0->0->0->,0.499484,0.481755,-96.787971
65,2.000000,1.09814->0->0->0->0->0->0->0->0->0->0->0->0->0->0->0->0->0->0->0->,0.576966,0.576160,-96.787971
66,2.000000,1.15076->0->0->0->0->0->0->0->0->0->0->0->0->0->0->0->0->0->0->0->,0.522994,0.520548,-90.619774
66,2.000000,1.15076->0->0->0->0->0->0->0->0->0->0->0->0->0->0->0->0->0->0->0->,0.434642,0.418251,-90.619774
66,2.000000,1.15076->0->0->0->0->0->0->0->0->0->0->0->0->0->0->0->0->0->0->0->,0.571071,0.585585,-90.619774
67,2.000000,1.20591->0->0->0->0->0->0->0->0->0->0->0->0->0->0->0->0->0->0->0->,0.493975,0.504367,-106.772308
67,2.000000,1.20591->0->0->0->0->0->0->0->0->0->0->0->0->0->0->0->0->0->0->0->,0.578925,0.566811,-106.772308
67,2.000000,1.20591->0->0->0->0->0->0->0->0->0->0->0->0->0->0->0->0->0->0->0->,0.451636,0.448374,-106.772308
68,2.000000,1.2637->0->0->0->0->0->0->0->0->0->0->0->0->0->0->0->0->0->0->0->,0.550240,0.547057,-110.605408
68,2.000000,1.2637->0->0->0->0->0->0->0->0->0->0->0->0->0->0->0->0->0->0->0->,0.458406,0.452820,-110.605408
68,2.000000,1.2637->0->0->0->0->0->0->0->0->0->0->0->0->0->0->0->0->0->0->0->,0.528075,0.532891,-110.605408
69,2.000000,1.32425->0->0->0->0->0->0->0->0->0->0->0->0->0->0->0->0->0->0->0->,0.488655,0.509906,-114.272232
69,2.000000,1.32425->0->0->0->0->0->0->0->0->0->0->0->0->0->0->0->0->0->0->0->,0.625305,0.617175,-114.272232
69,2.000000,1.32425->0->0->0->0->0->0->0->0->0->0->0->0->0->0->0->0->0->0->0->,0.422473,0.404836,-114.272232
70,2.000000,1.38771->0->0->0->0->0->0->0->0->0->0->0->0->0->0->0->0->0->0->0->,0.474083,0.458804,-123.887833
70,2.000000,1.38771->0->0->0->0->0->0->0->0->0->0->0->0->0->0->0->0->0->0->0->,0.484407,0.506269,-123.887833
70,2.000000,1.38771->0->0->0->0->0->0->0->0->0->0->0->0->0->0->0->0->0->0->0->,0.571810,0.562079,-123.887833
71,2.000000,1.45422->0->0->0->0->0->0->0->0->0->0->0->0->0->0->0->0->0->0->0->,0.540141,0.541140,-132.142090
71,2.000000,1.45422->0->0->0->0->0->0->0->0->0->0->0->0->0->0->0->0->0->0->0->,0.437345,0.439656,-132.142090
71,2.000000,1.45422->0->0->0->0->0->0->0->0->0->0->0->0->0->0->0->0->0->0->0->,0.560451,0.552056,-132.142090
72,2.000000,1.5239->0->0->0->0->0->0->0->0->0->0->0->0->0->0->0->0->0->0->0->,0.433498,0.442690,-136.219818
72,2.000000,1.5239->0->0->0->0->0->0->0->0->0->0->0->0->0->0->0->0->0->0->0->,0.555734,0.565912,-136.219818
72,2.000000,1.5239->0->0->0->0->0->0->0->0->0->0->0->0->0->0->0->0->0->0->0->,0.539922,0.514078,-136.219818
73,2.000000,1.59693->0->0->0->0->0->0->0->0->0->0->0->0->0->0->0->0->0->0->0->,0.435327,0.434500,-142.168182
73,2.000000,1.59693->0->0->0->0->0->0->0->0->0->0->0->0->0->0->0->0->0->0->0->,0.628022,0.631074,-142.168182
73,2.000000,1.59693->0->0->0->0->0->0->0->0->0->0->0->0->0->0->0->0->0->0->0->,0.458185,0.451889,-142.168182
74,2.000000,1.67346->0->0->0->0->0->0->0->0->0->0->0->0->0->0->0->0->0->0->0->,0.419387,0.425079,-152.387634
74,2.000000,1.67346->0->0->0->0->0->0->0->0->0->0->0->0->0->0->0->0->0->0->0->,0.499595,0.492348,-152.387634
74,2.000000,1.67346->0->0->0->0->0->0->0->0->0->0->0->0->0->0->0->0->0->0->0->,0.598997,0.596838,-152.387634
75,2.000000,1.75365->0->0->0->0->0->0->0->0->0->0->0->0->0->0->0->0->0->0->0->,0.468557,0.476889,-160.906769
75,2.000000,1.75365->0->0->0->0->0->0->0->0->0->0->0->0->0->0->0->0->0->0->0->,0.573176,0.560795,-160.906769
75,2.000000,1.75365->0->0->0->0->0->0->0->0->0->0->0->0->0->0->0->0->0->0->0->,0.493678,0.492285,-160.906769
76,2.000000,1.83769->0->0->0->0->0->0->0->0->0->0->0->0->0->0->0->0->0->0->0->,0.541681,0.521911,-169.769852
76,2.000000,1.83769->0->0->0->0->0->0->0->0->0->0->0->0->0->0->0->0->0->0->0->,0.520990,0.534186,-169.769852
76,2.000000,1.83769->0->0->0->0->0->0->0->0->0->0->0->0->0->0->0->0->0->0->0->,0.469078,0.471252,-169.769852
77,2.000000,1.92575->0->0->0->0->0->0->0->0->0->0->0->0->0->0->0->0->0->0->0->,0.493933,0.479940,-178.070145
77,2.000000,1.92575->0->0->0->0->0->0->0->0->0->0->0->0->0->0->0->0->0->0->0->,0.560303,0.568428,-178.070145
77,2.000000,1.92575->0->0->0->0->0->0->0->0->0->0->0->0->0->0->0->0->0->0->0->,0.474541,0.475265,-178.070145
78,2.000000,2.01804->0->0->0->0->0->0->0->0->0->0->0->0->0->0->0->0->0->0->0->,0.521238,0.523746,-185.275513
78,2.000000,2.01804->0->0->0->0->0->0->0->0->0->0->0->0->0->0->0->0->0->0->0->,0.475439,0.473975,-185.275513
78,2.000000,2.01804->0->0->0->0->0->0->0->0->0->0->0->0->0->0->0->0->0->0->0->,0.533351,0.528359,-185.275513
79,2.000000,2.11474->0->0->0->0->0->0->0->0->0->0->0->0->0->0->0->0->0->0->0->,0.500763,0.495607,-195.552399
79,2.000000,2.11474->0->0->0->0->0->0->0->0->0->0->0->0->0->0->0->0->0->0->0->,0.494007,0.495150,-195.552399
79,2.000000,2.11474->0->0->0->0->0->0->0->0->0->0->0->0->0->0->0->0->0->0->0->,0.536092,0.535827,-195.552399
80,2.000000,2.21608->0->0->0->0->0->0->0->0->0->0->0->0->0->0->0->0->0->0->0->,0.504587,0.510006,-206.351379
80,2.000000,2.21608->0->0->0->0->0->0->0->0->0->0->0->0->0->0->0->0->0->0->0->,0.544834,0.529871,-206.351379
80,2.000000,2.21608->0->0->0->0->0->0->0->0->0->0->0->0->0->0->0->0->0->0->0->,0.477942,0.483904,-206.351379
81,2.000000,2.32228->0->0->0->0->0->0->0->0->0->0->0->0->0->0->0->0->0->0->0->,0.511757,0.508258,-219.053680
81,2.000000,2.32228->0->0->0->0->0->0->0->0->0->0->0->0->0->0->0->0->0->0->0->,0.464545,0.470908,-219.053680
81,2.000000,2.32228->0->0->0->0->0->0->0->0->0->0->0->0->0->0->0->0->0->0->0->,0.555594,0.548039,-219.053680
82,2.000000,2.43357->0->0->0->0->0->0->0->0->0->0->0->0->0->0->0->0->0->0->0->,0.554009,0.555106,-228.892715
82,2.000000,2.43357->0->0->0->0->0->0->0->0->0->0->0->0->0->0->0->0->0->0->0->,0.469995,0.462004,-228.892715
82,2.000000,2.43357->0->0->0->0->0->0->0->0->0->0->0->0->0->0->0->0->0->0->0->,0.508014,0.510796,-228.892715
83,2.000000,2.55019->0->0->0->0->0->0->0->0->0->0->0->0->0->0->0->0->0->0->0->,0.537409,0.544694,-240.512146
83,2.000000,2.55019->0->0->0->0->0->0->0->0->0->0->0->0->0->0->0->0->0->0->0->,0.482067,0.467948,-240.512146
83,2.000000,2.55019->0->0->0->0->0->0->0->0->0->0->0->0->0->0->0->0->0->0->0->,0.508493,0.510534,-240.512146
84,2.000000,2.67239->0->0->0->0->0->0->0->0->0->0->0->0->0->0->0->0->0->0->0->,0.523017,0.509220,-253.046570
84,2.000000,2.67239->0->0->0->0->0->0->0->0->0->0->0->0->0->0->0->0->0->0->0->,0.539951,0.544897,-253.046570
84,2.000000,2.67239->0->0->0->0->0->0->0->0->0->0->0->0->0->0->0->0->0->0->0->,0.466739,0.471287,-253.046570
85,2.000000,2.80046->0->0->0->0->0->0->0->0->0->0->0->0->0->0->0->0->0->0->0->,0.463536,0.467593,-267.658081
85,2.000000,2.80046->0->0->0->0->0->0->0->0->0->0->0->0->0->0->0->0->0->0->0->,0.535306,0.534255,-267.658081
85,2.000000,2.80046->0->0->0->0->0->0->0->0->0->0->0->0->0->0->0->0->0->0->0->,0.531265,0.523861,-267.658081
86,2.000000,2.93466->0->0->0->0->0->0->0->0->0->0->0->0->0->0->0->0->0->0->0->,0.502706,0.503618,-280.284332
86,2.000000,2.93466->0->0->0->0->0->0->0->0->0->0->0->0->0->0->0->0->0->0->0->,0.485186,0.474782,-280.284332
86,2.000000,2.93466->0->0->0->0->0->0->0->0->0->0->0->0->0->0->0->0->0->0->0->,0.540844,0.545919,-280.284332
87,2.000000,3.07529->0->0->0->0->0->0->0->0->0->0->0->0->0->0->0->0->0->0->0->,0.525458,0.519233,-288.589539
87,2.000000,3.07529->0->0->0->0->0->0->0->0->0->0->0->0->0->0->0->0->0->0->0->,0.507699,0.518229,-288.589539
87,2.000000,3.07529->0->0->0->0->0->0->0->0->0->0->0->0->0->0->0->0->0->0->0->,0.495867,0.486608,-288.589539
88,2.000000,3.22266->0->0->0->0->0->0->0->0->0->0->0->0->0->0->0->0->0->0->0->,0.482229,0.479871,-308.413422
88,2.000000,3.22266->0->0->0->0->0->0->0->0->0->0->0->0->0->0->0->0->0->0->0->,0.496730,0.495626,-308.413422
88,2.000000,3.22266->0->0->0->0->0->0->0->0->0->0->0->0->0->0->0->0->0->0->0->,0.554095,0.553361,-308.413422
89,2.000000,3.3771->0->0->0->0->0->0->0->0->0->0->0->0->0->0->0->0->0->0->0->,0.492629,0.497011,-316.573578
89,2.000000,3.3771->0->0->0->0->0->0->0->0->0->0->0->0->0->0->0->0->0->0->0->,0.525627,0.508473,-316.573578
89,2.000000,3.3771->0->0->0->0->0->0->0->0->0->0->0->0->0->0->0->0->0->0->0->,0.511363,0.519842,-316.573578
90,2.000000,3.53893->0->0->0->0->0->0->0->0->0->0->0->0->0->0->0->0->0->0->0->,0.536958,0.528583,-335.436371
90,2.000000,3.53893->0->0->0->0->0->0->0->0->0->0->0->0->0->0->0->0->0->0->0->,0.494659,0.486451,-335.436371
90,2.000000,3.53893->0->0->0->0->0->0->0->0->0->0->0->0->0->0->0->0->0->0->0->,0.497109,0.509922,-335.436371
91,2.000000,3.70852->0->0->0->0->0->0->0->0->0->0->0->0->0->0->0->0->0->0->0->,0.553351,0.559287,-352.432617
91,2.000000,3.70852->0->0->0->0->0->0->0->0->0->0->0->0->0->0->0->0->0->0->0->,0.468587,0.467272,-352.432617
91,2.000000,3.70852->0->0->0->0->0->0->0->0->0->0->0->0->0->0->0->0->0->0->0->,0.506843,0.498116,-352.432617
92,2.000000,3.88624->0->0->0->0->0->0->0->0->0->0->0->0->0->0->0->0->0->0->0->,0.485793,0.489007,-371.687561
92,2.000000,3.88624->0->0->0->0->0->0->0->0->0->0->0->0->0->0->0->0->0->0->0->,0.506950,0.499790,-371.687561
92,2.000000,3.88624->0->0->0->0->0->0->0->0->0->0->0->0->0->0->0->0->0->0->0->,0.536843,0.536134,-371.687561
93,2.000000,4.07247->0->0->0->0->0->0->0->0->0->0->0->0->0->0->0->0->0->0->0->,0.489651,0.487541,-396.257660
93,2.000000,4.07247->0->0->0->0->0->0->0->0->0->0->0->0->0->0->0->0->0->0->0->,0.512557,0.508460,-396.257660
93,2.000000,4.07247->0->0->0->0->0->0->0->0->0->0->0->0->0->0->0->0->0->0->0->,0.527240,0.529270,-396.257660
94,2.000000,4.26763->0->0->0->0->0->0->0->0->0->0->0->0->0->0->0->0->0->0->0->,0.512973,0.502675,-404.375458
94,2.000000,4.26763->0->0->0->0->0->0->0->0->0->0->0->0->0->0->0->0->0->0->0->,0.491317,0.486525,-404.375458
94,2.000000,4.26763->0->0->0->0->0->0->0->0->0->0->0->0->0->0->0->0->0->0->0->,0.525262,0.535988,-404.375458
95,2.000000,4.47214->0->0->0->0->0->0->0->0->0->0->0->0->0->0->0->0->0->0->0->,0.487214,0.486803,-434.988220
95,2.000000,4.47214->0->0->0->0->0->0->0->0->0->0->0->0->0->0->0->0->0->0->0->,0.529868,0.531446,-434.988220
95,2.000000,4.47214->0->0->0->0->0->0->0->0->0->0->0->0->0->0->0->0->0->0->0->,0.511712,0.506271,-434.988220
96,2.000000,4.68645->0->0->0->0->0->0->0->0->0->0->0->0->0->0->0->0->0->0->0->,0.528014,0.521513,-449.088013
96,2.000000,4.68645->0->0->0->0->0->0->0->0->0->0->0->0->0->0->0->0->0->0->0->,0.506971,0.500402,-449.088013
96,2.000000,4.68645->0->0->0->0->0->0->0->0->0->0->0->0->0->0->0->0->0->0->0->,0.494013,0.503153,-449.088013
97,2.000000,4.91103->0->0->0->0->0->0->0->0->0->0->0->0->0->0->0->0->0->0->0->,0.518537,0.520500,-475.591034
97,2.000000,4.91103->0->0->0->0->0->0->0->0->0->0->0->0->0->0->0->0->0->0->0->,0.506350,0.504467,-475.591034
97,2.000000,4.91103->0->0->0->0->0->0->0->0->0->0->0->0->0->0->0->0->0->0->0->,0.504057,0.499657,-475.591034
98,2.000000,5.14637->0->0->0->0->0->0->0->0->0->0->0->0->0->0->0->0->0->0->0->,0.521424,0.515958,-498.740265
98,2.000000,5.14637->0->0->0->0->0->0->0->0->0->0->0->0->0->0->0->0->0->0->0->,0.524057,0.521880,-498.740265
98,2.000000,5.14637->0->0->0->0->0->0->0->0->0->0->0->0->0->0->0->0->0->0->0->,0.482859,0.486355,-498.740265
99,2.000000,5.39299->0->0->0->0->0->0->0->0->0->0->0->0->0->0->0->0->0->0->0->,0.480573,0.480175,-520.495239
99,2.000000,5.39299->0->0->0->0->0->0->0->0->0->0->0->0->0->0->0->0->0->0->0->,0.535089,0.536149,-520.495239
99,2.000000,5.39299->0->0->0->0->0->0->0->0->0->0->0->0->0->0->0->0->0->0->0->,0.514974,0.510067,-520.495239
100,2.000000,5.65142->0->0->0->0->0->0->0->0->0->0->0->0->0->0->0->0->0->0->0->,0.528813,0.527350,-539.729797
100,2.000000,5.65142->0->0->0->0->0->0->0->0->0->0->0->0->0->0->0->0->0->0->0->,0.509878,0.499297,-539.729797
100,2.000000,5.65142->0->0->0->0->0->0->0->0->0->0->0->0->0->0->0->0->0->0->0->,0.489667,0.497723,-539.729797
101,2.000000,5.92225->0->0->0->0->0->0->0->0->0->0->0->0->0->0->0->0->0->0->0->,0.487880,0.486111,-580.250427
101,2.000000,5.92225->0->0->0->0->0->0->0->0->0->0->0->0->0->0->0->0->0->0->0->,0.522086,0.518811,-580.250427
101,2.000000,5.92225->0->0->0->0->0->0->0->0->0->0->0->0->0->0->0->0->0->0->0->,0.518647,0.519448,-580.250427
102,2.000000,6.20605->0->0->0->0->0->0->0->0->0->0->0->0->0->0->0->0->0->0->0->,0.493230,0.494270,-599.093567
102,2.000000,6.20605->0->0->0->0->0->0->0->0->0->0->0->0->0->0->0->0->0->0->0->,0.495665,0.497120,-599.093567
102,2.000000,6.20605->0->0->0->0->0->0->0->0->0->0->0->0->0->0->0->0->0->0->0->,0.539442,0.532814,-599.093567
103,2.000000,6.50345->0->0->0->0->0->0->0->0->0->0->0->0->0->0->0->0->0->0->0->,0.504013,0.506879,-629.737610
103,2.000000,6.50345->0->0->0->0->0->0->0->0->0->0->0->0->0->0->0->0->0->0->0->,0.532441,0.523135,-629.737610
103,2.000000,6.50345->0->0->0->0->0->0->0->0->0->0->0->0->0->0->0->0->0->0->0->,0.492876,0.494979,-629.737610
104,2.000000,6.8151->0->0->0->0->0->0->0->0->0->0->0->0->0->0->0->0->0->0->0->,0.478341,0.475709,-659.069763
104,2.000000,6.8151->0->0->0->0->0->0->0->0->0->0->0->0->0->0->0->0->0->0->0->,0.542574,0.538181,-659.069763
104,2.000000,6.8151->0->0->0->0->0->0->0->0->0->0->0->0->0->0->0->0->0->0->0->,0.509477,0.512207,-659.069763
105,2.000000,7.14169->0->0->0->0->0->0->0->0->0->0->0->0->0->0->0->0->0->0->0->,0.519606,0.517489,-701.743835
105,2.000000,7.14169->0->0->0->0->0->0->0->0->0->0->0->0->0->0->0->0->0->0->0->,0.505154,0.507776,-701.743835
105,2.000000,7.14169->0->0->0->0->0->0->0->0->0->0->0->0->0->0->0->0->0->0->0->,0.504333,0.499578,-701.743835
106,2.000000,7.48393->0->0->0->0->0->0->0->0->0->0->0->0->0->0->0->0->0->0->0->,0.496944,0.495547,-725.582825
106,2.000000,7.48393->0->0->0->0->0->0->0->0->0->0->0->0->0->0->0->0->0->0->0->,0.535062,0.530037,-725.582825
106,2.000000,7.48393->0->0->0->0->0->0->0->0->0->0->0->0->0->0->0->0->0->0->0->,0.497350,0.499569,-725.582825
107,2.000000,7.84257->0->0->0->0->0->0->0->0->0->0->0->0->0->0->0->0->0->0->0->,0.514610,0.517028,-767.509399
107,2.000000,7.84257->0->0->0->0->0->0->0->0->0->0->0->0->0->0->0->0->0->0->0->,0.516306,0.510068,-767.509399
107,2.000000,7.84257->0->0->0->0->0->0->0->0->0->0->0->0->0->0->0->0->0->0->0->,0.498206,0.497856,-767.509399
108,2.000000,8.21839->0->0->0->0->0->0->0->0->0->0->0->0->0->0->0->0->0->0->0->,0.509164,0.508652,-811.755066
108,2.000000,8.21839->0->0->0->0->0->0->0->0->0->0->0->0->0->0->0->0->0->0->0->,0.502935,0.499860,-811.755066
108,2.000000,8.21839->0->0->0->0->0->0->0->0->0->0->0->0->0->0->0->0->0->0->0->,0.517048,0.516402,-811.755066
109,2.000000,8.61222->0->0->0->0->0->0->0->0->0->0->0->0->0->0->0->0->0->0->0->,0.520475,0.519855,-844.773987
109,2.000000,8.61222->0->0->0->0->0->0->0->0->0->0->0->0->0->0->0->0->0->0->0->,0.494740,0.494057,-844.773987
109,2.000000,8.61222->0->0->0->0->0->0->0->0->0->0->0->0->0->0->0->0->0->0->0->,0.513632,0.510694,-844.773987
110,2.000000,9.02493->0->0->0->0->0->0->0->0->0->0->0->0->0->0->0->0->0->0->0->,0.515883,0.518405,-888.373779
110,2.000000,9.02493->0->0->0->0->0->0->0->0->0->0->0->0->0->0->0->0->0->0->0->,0.506328,0.504084,-888.373779
110,2.000000,9.02493->0->0->0->0->0->0->0->0->0->0->0->0->0->0->0->0->0->0->0->,0.507053,0.502613,-888.373779
111,2.000000,9.45742->0->0->0->0->0->0->0->0->0->0->0->0->0->0->0->0->0->0->0->,0.530768,0.527493,-930.094421
111,2.000000,9.45742->0->0->0->0->0->0->0->0->0->0->0->0->0->0->0->0->0->0->0->,0.500139,0.498927,-930.094421
111,2.000000,9.45742->0->0->0->0->0->0->0->0->0->0->0->0->0->0->0->0->0->0->0->,0.498762,0.498967,-930.094421
112,2.000000,9.91063->0->0->0->0->0->0->0->0->0->0->0->0->0->0->0->0->0->0->0->,0.522141,0.520803,-977.713379
112,2.000000,9.91063->0->0->0->0->0->0->0->0->0->0->0->0->0->0->0->0->0->0->0->,0.511363,0.508852,-977.713379
112,2.000000,9.91063->0->0->0->0->0->0->0->0->0->0->0->0->0->0->0->0->0->0->0->,0.495346,0.494982,-977.713379
113,2.000000,10.3856->0->0->0->0->0->0->0->0->0->0->0->0->0->0->0->0->0->0->0->,0.515885,0.510449,-1024.300171
113,2.000000,10.3856->0->0->0->0->0->0->0->0->0->0->0->0->0->0->0->0->0->0->0->,0.507503,0.507572,-1024.300171
113,2.000000,10.3856->0->0->0->0->0->0->0->0->0->0->0->0->0->0->0->0->0->0->0->,0.505925,0.506968,-1024.300171
114,2.000000,10.8832->0->0->0->0->0->0->0->0->0->0->0->0->0->0->0->0->0->0->0->,0.522660,0.518433,-1070.030396
114,2.000000,10.8832->0->0->0->0->0->0->0->0->0->0->0->0->0->0->0->0->0->0->0->,0.501965,0.503040,-1070.030396
114,2.000000,10.8832->0->0->0->0->0->0->0->0->0->0->0->0->0->0->0->0->0->0->0->,0.504705,0.503584,-1070.030396
115,2.000000,11.4048->0->0->0->0->0->0->0->0->0->0->0->0->0->0->0->0->0->0->0->,0.498076,0.498593,-1125.540894
115,2.000000,11.4048->0->0->0->0->0->0->0->0->0->0->0->0->0->0->0->0->0->0->0->,0.515256,0.511589,-1125.540894
115,2.000000,11.4048->0->0->0->0->0->0->0->0->0->0->0->0->0->0->0->0->0->0->0->,0.515931,0.514809,-1125.540894
116,2.000000,11.9513->0->0->0->0->0->0->0->0->0->0->0->0->0->0->0->0->0->0->0->,0.509770,0.508044,-1180.385376
116,2.000000,11.9513->0->0->0->0->0->0->0->0->0->0->0->0->0->0->0->0->0->0->0->,0.495343,0.494162,-1180.385376
116,2.000000,11.9513->0->0->0->0->0->0->0->0->0->0->0->0->0->0->0->0->0->0->0->,0.524016,0.522697,-1180.385376
117,2.000000,12.524->0->0->0->0->0->0->0->0->0->0->0->0->0->0->0->0->0->0->0->,0.516641,0.515853,-1234.209351
117,2.000000,12.524->0->0->0->0->0->0->0->0->0->0->0->0->0->0->0->0->0->0->0->,0.505384,0.500238,-1234.209351
117,2.000000,12.524->0->0->0->0->0->0->0->0->0->0->0->0->0->0->0->0->0->0->0->,0.507017,0.508709,-1234.209351
118,2.000000,13.1242->0->0->0->0->0->0->0->0->0->0->0->0->0->0->0->0->0->0->0->,0.510888,0.508424,-1293.593140
118,2.000000,13.1242->0->0->0->0->0->0->0->0->0->0->0->0->0->0->0->0->0->0->0->,0.499498,0.500807,-1293.593140
118,2.000000,13.1242->0->0->0->0->0->0->0->0->0->0->0->0->0->0->0->0->0->0->0->,0.518703,0.515654,-1293.593140
119,2.000000,13.7531->0->0->0->0->0->0->0->0->0->0->0->0->0->0->0->0->0->0->0->,0.503147,0.501121,-1362.269531
119,2.000000,13.7531->0->0->0->0->0->0->0->0->0->0->0->0->0->0->0->0->0->0->0->,0.515474,0.515315,-1362.269531
119,2.000000,13.7531->0->0->0->0->0->0->0->0->0->0->0->0->0->0->0->0->0->0->0->,0.510552,0.508520,-1362.269531
120,2.000000,14.4122->0->0->0->0->0->0->0->0->0->0->0->0->0->0->0->0->0->0->0->,0.511937,0.508097,-1424.476685
120,2.000000,14.4122->0->0->0->0->0->0->0->0->0->0->0->0->0->0->0->0->0->0->0->,0.498825,0.499119,-1424.476685
120,2.000000,14.4122->0->0->0->0->0->0->0->0->0->0->0->0->0->0->0->0->0->0->0->,0.518425,0.517710,-1424.476685
121,2.000000,15.1028->0->0->0->0->0->0->0->0->0->0->0->0->0->0->0->0->0->0->0->,0.511918,0.508702,-1498.080444
121,2.000000,15.1028->0->0->0->0->0->0->0->0->0->0->0->0->0->0->0->0->0->0->0->,0.506961,0.506452,-1498.080444
121,2.000000,15.1028->0->0->0->0->0->0->0->0->0->0->0->0->0->0->0->0->0->0->0->,0.510312,0.509788,-1498.080444
122,2.000000,15.8266->0->0->0->0->0->0->0->0->0->0->0->0->0->0->0->0->0->0->0->,0.514108,0.511389,-1567.863037
122,2.000000,15.8266->0->0->0->0->0->0->0->0->0->0->0->0->0->0->0->0->0->0->0->,0.510669,0.509485,-1567.863037
122,2.000000,15.8266->0->0->0->0->0->0->0->0->0->0->0->0->0->0->0->0->0->0->0->,0.504339,0.504024,-1567.863037
123,2.000000,16.585->0->0->0->0->0->0->0->0->0->0->0->0->0->0->0->0->0->0->0->,0.506576,0.504959,-1641.083008
123,2.000000,16.585->0->0->0->0->0->0->0->0->0->0->0->0->0->0->0->0->0->0->0->,0.522254,0.521668,-1641.083008
123,2.000000,16.585->0->0->0->0->0->0->0->0->0->0->0->0->0->0->0->0->0->0->0->,0.500277,0.498251,-1641.083008
124,2.000000,17.3798->0->0->0->0->0->0->0->0->0->0->0->0->0->0->0->0->0->0->0->,0.522657,0.520834,-1720.740112
124,2.000000,17.3798->0->0->0->0->0->0->0->0->0->0->0->0->0->0->0->0->0->0->0->,0.500073,0.499019,-1720.740112
124,2.000000,17.3798->0->0->0->0->0->0->0->0->0->0->0->0->0->0->0->0->0->0->0->,0.506324,0.504974,-1720.740112
125,2.000000,18.2126->0->0->0->0->0->0->0->0->0->0->0->0->0->0->0->0->0->0->0->,0.510648,0.508654,-1806.897949
125,2.000000,18.2126->0->0->0->0->0->0->0->0->0->0->0->0->0->0->0->0->0->0->0->,0.506190,0.507112,-1806.897949
125,2.000000,18.2126->0->0->0->0->0->0->0->0->0->0->0->0->0->0->0->0->0->0->0->,0.512301,0.509162,-1806.897949
126,2.000000,19.0854->0->0->0->0->0->0->0->0->0->0->0->0->0->0->0->0->0->0->0->,0.515084,0.513390,-1889.689941
126,2.000000,19.0854->0->0->0->0->0->0->0->0->0->0->0->0->0->0->0->0->0->0->0->,0.505740,0.506780,-1889.689941
126,2.000000,19.0854->0->0->0->0->0->0->0->0->0->0->0->0->0->0->0->0->0->0->0->,0.508283,0.504743,-1889.689941
127,2.000000,20->0->0->0->0->0->0->0->0->0->0->0->0->0->0->0->0->0->0->0->,0.509355,0.509057,-1984.094116
127,2.000000,20->0->0->0->0->0->0->0->0->0->0->0->0->0->0->0->0->0->0->0->,0.512394,0.510639,-1984.094116
127,2.000000,20->0->0->0->0->0->0->0->0->0->0->0->0->0->0->0->0->0->0->0->,0.507405,0.505218,-1984.094116
