-88.762 -59.089 -96.700 -77.031 -69.733 -96.062 -89.341 -97.084 
-96.685 -77.343 -89.005 -80.999 -80.876 -96.725 -98.436 -98.643 
-81.121 -54.834 -59.630 -63.741 -68.950 -91.653 -97.049 -98.740 
-53.449 -42.666 -46.357 -59.446 -67.255 -84.820 -94.777 -98.803 
-37.221 -38.924 -43.998 -56.398 -66.645 -79.423 -91.937 -98.845 
-35.531 -37.820 -42.960 -53.521 -66.010 -76.450 -89.441 -98.873 
-35.696 -33.461 -42.511 -51.710 -65.306 -75.191 -87.948 -93.676 
-35.578 -33.461 -42.307 -50.844 -64.601 -74.911 -87.282 -79.472 
-35.384 -33.461 -34.457 -36.869 -63.975 -75.015 -87.032 -70.604 
-35.222 -33.461 -34.154 -35.913 -63.476 -75.207 -86.944 -69.196 
-35.110 -33.461 -33.621 -34.771 -44.004 -75.389 -86.914 -68.789 
-33.038 -33.461 -33.621 -34.771 -40.275 -75.540 -66.584 -68.508 
-33.038 -33.461 -33.621 -34.771 -39.133 -75.660 -63.906 -63.771 
-33.038 -33.461 -33.621 -34.771 -38.798 -56.936 -63.125 -62.620 
-33.038 -33.461 -33.621 -34.771 -36.966 -51.791 -61.864 -61.722 
-33.038 -33.461 -33.621 -34.771 -36.966 -47.552 -59.935 -61.068 
-33.038 -33.461 -33.621 -34.771 -36.966 -45.492 -57.736 -60.637 
-33.038 -33.461 -33.621 -34.771 -36.966 -44.736 -55.953 -56.991 
-33.038 -33.461 -33.621 -34.771 -36.966 -41.428 -54.863 -56.314 
-33.038 -33.461 -33.621 -34.771 -36.966 -41.428 -54.300 -53.454 
