-82.345 -96.074 -81.743 -76.241 -99.443 -94.410 -99.584 -98.187 
-75.997 -82.956 -69.157 -84.348 -96.861 -96.531 -99.175 -99.825 
-49.985 -52.108 -49.122 -63.861 -85.555 -91.007 -98.134 -99.819 
-40.973 -43.392 -42.762 -57.642 -70.579 -83.811 -96.051 -98.853 
-36.696 -39.458 -42.744 -54.425 -68.061 -78.417 -92.840 -94.346 
-35.451 -38.123 -42.736 -52.206 -67.721 -75.853 -89.725 -80.604 
-35.102 -37.692 -42.553 -51.068 -67.456 -75.023 -87.940 -71.208 
-32.988 -33.496 -42.384 -50.571 -67.090 -74.950 -87.235 -69.823 
-32.988 -33.496 -42.269 -36.757 -66.593 -75.110 -87.002 -69.486 
-32.988 -33.496 -34.449 -35.885 -65.968 -75.300 -66.760 -69.235 
-32.988 -33.496 -34.153 -34.764 -65.264 -75.467 -64.222 -68.980 
-32.988 -33.496 -33.621 -34.764 -64.563 -75.602 -63.801 -64.445 
-32.988 -33.496 -33.621 -34.764 -63.943 -56.615 -63.144 -63.290 
-32.988 -33.496 -33.621 -34.764 -63.452 -51.393 -61.916 -62.281 
-32.988 -33.496 -33.621 -34.764 -43.970 -47.314 -60.007 -61.471 
-32.988 -33.496 -33.621 -34.764 -40.263 -45.400 -57.805 -60.899 
-32.988 -33.496 -33.621 -34.764 -39.129 -44.705 -56.001 -57.178 
-32.988 -33.496 -33.621 -34.764 -37.065 -41.418 -54.889 -56.416 
-32.988 -33.496 -33.621 -34.764 -37.065 -41.418 -54.313 -53.510 
-32.988 -33.496 -33.621 -34.764 -37.065 -41.418 -49.502 -52.999 
