-72.031 -87.254 -89.786 -91.407 -83.934 -78.043 -91.956 -91.215 
-73.447 -79.057 -82.094 -83.388 -84.412 -99.616 -95.661 -97.823 
-58.882 -59.304 -55.299 -61.473 -70.652 -98.478 -92.834 -98.150 
-57.061 -57.251 -48.141 -56.389 -68.166 -94.185 -90.020 -98.352 
-54.368 -53.598 -44.529 -53.412 -67.940 -84.345 -88.202 -98.483 
-47.012 -46.212 -43.016 -51.657 -57.596 -77.788 -87.370 -98.570 
-39.166 -40.344 -42.466 -50.830 -53.890 -76.511 -87.059 -98.629 
-36.035 -38.224 -42.258 -36.868 -46.966 -61.133 -86.952 -98.669 
-35.212 -37.630 -34.421 -35.922 -41.524 -60.509 -86.916 -92.704 
-32.986 -33.420 -34.130 -34.779 -39.483 -59.832 -66.605 -77.954 
-32.986 -33.420 -33.605 -34.779 -38.886 -57.924 -63.952 -70.511 
-32.986 -33.420 -33.605 -34.779 -36.982 -53.882 -63.220 -69.414 
-32.986 -33.420 -33.605 -34.779 -36.982 -49.065 -62.034 -69.060 
-32.986 -33.420 -33.605 -34.779 -36.982 -46.123 -60.170 -68.784 
-32.986 -33.420 -33.605 -34.779 -36.982 -44.952 -57.965 -64.156 
-32.986 -33.420 -33.605 -34.779 -36.982 -41.498 -56.113 -62.992 
-32.986 -33.420 -33.605 -34.779 -36.982 -41.498 -54.951 -62.026 
-32.986 -33.420 -33.605 -34.779 -36.982 -41.498 -54.343 -61.283 
-32.986 -33.420 -33.605 -34.779 -36.982 -41.498 -49.518 -60.775 
-32.986 -33.420 -33.605 -34.779 -36.982 -41.498 -48.888 -57.089 
